1291.864
1301.066
1301.97
1303.095
1160.95
1139.158
1161.281
1226.842
1118.242
1116.163
1116.75
1107.792
1104.521
1102.4
1105.516
1090.623
1093.384
1098.391
1094.468
1109.074
1113.677
1142.412
1126.188
1127.45
1124.242
1104.89
1169.231
1211.336
1157.135
1155.814
1152.173
1149.073
1140.698
1150.725
1111.091
1114.133
1212.848
1150.503
1142.63
1146.92
1151.555
1147.897
1144.771
1148.552
1157.938
1150.119
1156.194
1159.37
1137.136
1085.184
1097.519
1112.954
1209.975
1140.6
1162.824
1159.297
1152.248
1168.129
1151.353
1161.051
1157.111
1160.786
1150.001
1158.137
1143.538
1084.048
1088.495
1107.124
1229.33
1168.86
1190.877
1192.935
1195.011
1197.534
1197.25
1211.768
1202.47
1197.095
1203.15
1210.425
1179.592
1102.194
1114.324
1146.441
1274.051
1200.269
1228.103
1223.187
1222.814
1220.026
1212.023
1230.042
1235.432
1230.289
1227.469
1229.565
1179.259
1104.217
1101.676
1159.802
1275.647
1236.271
1224.016
1235.855
1239.302
1218.376
1219.156
1223.581
1230.112
1235.679
1237.811
1201.99
1158.335
1094.976
1268.946
1221.116
1234.425
1233.084
1238.606
1222.62
1237.584
1244.306
1224.98
1232.465
1237.548
1227.828
1151.868
1088.602
1096.133
1160.049
1271.818
1210.123
1221.456
1232.086
1229.791
1222.682
1237.255
1238.415
1233.961
1236.821
1224.686
1221.037
1153.104
1084.1
1175.037
1239.447
1241.375
1240.756
1232.785
1224.022
1217.885
1233.469
1216.938
1223.033
1212.898
1225.838
1221.063
1149.355
1089.65
1085.829
1168.381
1251.721
1234.681
1232.28
1231.486
1220.305
1224.585
1236.298
1227.261
1237.975
1234.76
1222.651
1231.074
1137.359
1089.032
1087.739
1188.929
1263.63
1236.017
1206.047
1235.735
1227.57
1219.067
1225.64
1213.213
1209.269
1214.093
1215.722
1214.11
1127.284
1089.502
1077.677
1178.207
1232.934
1219.656
1231.612
1238.519
1240.732
1327.596
1512.5
1545.808
1567.625
1622.639
1720.584
1821.042
1892.675
1911.754
1900.33
1898.658
1906.837
1894.009
1880.154
1889.006
1878.656
1832.768
1821.32
1837.004
1748.484
1692.8
1314.67
1356.467
1414.016
1374.462
1385.6
1394.968
1385.389
1384.069
1385.976
1396.449
1404.283
1400.665
1408.739
1394.343
1346.201
1293.805
1302.257
1344.34
1425.294
1385.852
1389.825
1368.693
1204.534
1110.495
1100.876
1263.397
1178.374
1211.016
1204.305
1210.681
1209.666
1211.907
1201.882
1196.915
1206.064
1202.468
1211.422
1119.241
1109.776
1103.917
1280.487
1181.185
1205.561
1215.291
1215.224
1210.656
1211.717
1222.426
1221.441
1218.412
1219.048
1218.277
1222.225
1103.286
1099.408
1101.763
1270.184
1200.911
1241.165
1236.577
1240.845
1220.204
1205.972
1228.643
1229.292
1237.162
1232.236
1223.118
1225.475
1101.376
1093.491
1089.603
1270.091
1219.064
1243.564
1233.32
1240.675
1230.678
1242.832
1229.941
1217.74
1216.485
1227.091
1239.401
1214.669
1101.45
1089.341
1099.948
1269.496
1243.906
1235.27
1226.74
1230.848
1246.057
1223.665
1226.415
1233.279
1233.755
1226.976
1225.484
1207.903
1092.206
1088.31
1086.061
1270.035
1221.236
1231.8
1211.806
1215.759
1225.448
1223.763
1215.063
1213.283
1222.348
1221.602
1213.629
1194.296
1087.907
1084.702
1095.603
1281.205
1231.684
1222.071
1232.65
1207.08
1214.173
1205.927
1202.908
1217.683
1211.369
1214.059
1169.858
1084.573
1091.615
1115.704
1256.827
1231.242
1227.323
1235.473
1208.535
1243.119
1245.019
1195.739
1240.895
1212.802
1216.838
1171.856
1091.642
1099.383
1127.512
1283.36
1230.934
1240.873
1235.133
1221.605
1221.055
1215.694
1230.054
1221.322
1236.453
1235.104
1233.836
1191.544
1098.491
1097.255
1123.259
1290.3
1252.366
1237.539
1245.099
1234.72
1239.587
1229.736
1241.408
1249.492
1245.103
1233.181
1244.777
1205.053
1094.372
1098.901
1095.514
1286.146
1247.106
1226.833
1234.699
1217.61
1223.349
1205.31
1211.792
1211.428
1203.585
1210.857
1213.219
1170.943
1069.776
1080.745
1074.663
1259.386
1218.04
1205.991
1215.269
1233.202
1203.914
1244.217
1234.94
1223.047
1238.032
1244.946
1221.581
1212.897
1087.925
1090.557
1090.254
1277.475
1241.673
1229.225
1238.38
1225.37
1239.431
1234.956
1232.033
1222.964
1241.229
1236.422
1218.308
1210.458
1089.96
1090.947
1085.979
1291.535
1253.169
1242.012
1184.275
1255.782
1223.141
1226.67
1223.589
1225.295
1218.926
1229.555
1224.961
1229.147
1089.248
1080.854
1093.289
1269.639
1249.931
1213.621
1242.178
1248.896
1255.089
1236.973
1220.844
1231.404
1236.791
1226.279
1087.658
1093.76
1091.563
1260.501
1247.921
1212.771
1233.41
1228.467
1228.177
1225.695
1226.196
1226.121
1230.25
1218.429
1222.24
1240.769
1093.699
1088.307
1079.643
1256.566
1234.114
1229.597
1233.625
1231.214
1210.785
1224.914
1223.563
1222.586
1220.723
1238.404
1219.553
1215.712
1092.534
1090.788
1083.309
1255.498
1249.001
1235.631
1230.452
1234.686
1230.187
1230
1226.855
1209.888
1220.878
1226.945
1215.566
1105.028
1091.228
1088.541
1232.729
1254.616
1240.778
1213.351
989.0944
183.6633
186.6928
185.0369
185.3796
172.3551
188.0221
181.1371
191.5003
58.27545
29.02579
28.87049
193.2467
200.1233
194.642
189.477
194.6994
183.2155
184.8634
195.0708
201.685
208.1074
197.948
193.0154
188.8497
28.82002
28.45761
178.4425
233.9483
190.4676
181.8085
188.7192
191.214
194.6917
188.9966
183.338
182.4784
182.7857
187.0645
178.8951
72.5978
28.52042
28.40104
183.4884
212.2169
190.1237
181.0603
181.0574
182.9532
171.0825
191.5371
185.9344
188.4364
189.9242
190.5182
201.1307
85.67435
29.06318
157.7848
220.4035
181.483
180.3054
176.032
197.025
189.4053
185.5948
193.018
190.4236
198.7624
196.5337
205.3788
28.63453
29.04563
156.0341
210.5632
191.7015
193.6354
199.3908
175.1619
175.3966
27.85456
125.4894
187.4696
212.3504
189.439
196.7236
211.7134
206.0605
171.6604
177.224
197.6406
183.3162
203.3882
185.1337
74.21365
28.49153
28.81722
139.8149
170.8052
186.1682
192.9023
197.9247
189.2919
178.4253
188.4081
189.4914
193.0028
201.6001
175.8616
179.4282
86.75241
27.94223
28.60265
168.918
205.631
181.053
179.2951
182.106
174.8302
181.1393
182.7505
180.0599
169.6735
199.6627
198.9344
182.4092
60.32956
28.09488
28.56145
174.0197
174.7537
201.2885
195.6668
180.2433
182.704
194.6466
174.3012
198.6536
185.2716
180.2887
196.8756
197.0014
51.33141
28.77803
29.3914
173.633
205.0452
194.729
182.817
183.311
184.1748
195.4852
198.8058
178.3469
181.4648
198.0961
196.2093
48.03305
28.27715
28.77878
187.7158
193.5593
192.3799
188.2203
190.0125
172.8306
171.7343
183.8938
210.7428
179.0672
166.3036
195.1026
216.9036
27.4058
28.99831
197.7396
182.021
192.8775
184.0442
171.1227
177.9811
167.2712
183.8344
182.633
187.0916
180.135
28.64418
29.09404
204.7717
193.0574
185.1115
164.4494
192.7993
214.3685
359.813
366.2596
345.0629
339.7039
368.6086
360.6891
331.1132
352.7495
337.9457
301.0714
308.0556
305.9029
298.2985
190.8432
190.052
190.0088
361.4348
279.3957
297.895
305.0764
292.2705
290.2113
302.9625
304.3019
297.5753
286.3789
302.9565
294.1132
279.9161
188.3361
186.9387
284.5826
321.0938
282.4853
297.2787
287.9567
291.4597
286.7798
299.9087
278.5585
303.5181
306.4807
305.2415
292.2425
293.6767
283.7928
288.3836
259.0849
259.0212
261.4102
260.4732
252.466
250.0432
252.414
249.1309
246.7756
248.1684
251.5189
248.9158
250.9927
245.8637
245.1143
246.9406
248.5455
246.4612
244.1336
247.0664
247.4768
245.4058
246.2246
245.4715
243.5365
245.2583
245.4674
244.0884
242.6398
244.4843
242.6286
241.3132
243.5153
240.0247
242.078
239.9989
241.8655
241.826
240.0111
241.3049
239.9959
240.5204
240.3818
240.0732
242.0018
241.9345
240.4958
238.9139
242.0232
241.7096
243.8606
239.6739
241.7091
241.1741
239.8194
240.7139
240.598
241.3425
240.9397
242.7802
241.5851
241.8986
240.3005
240.7355
240.534
239.6546
241.7682
239.3757
357.0076
315.5525
257.8149
261.3484
261.1813
261.4992
263.7544
260.1287
261.3409
261.0843
261.5597
260.9054
258.9792
261.8473
261.7852
215.475
236.0414
241.7399
292.8763
293.2237
312.9154
323.7123
336.1307
342.6064
288.8027
289.7302
288.1869
293.7404
286.7702
291.2466
288.5969
292.5727
287.3897
292.4638
286.5148
289.93
290.254
289.0967
288.8794
191.5131
182.4895
343.7063
350.6199
357.9022
347.8406
335.1682
334.3727
330.8086
329.8638
332.2964
334.257
329.4359
1689.143
1715.91
1743.306
1782.857
1829.808
1914.265
2000.385
2007.276
2027.339
2050.879
2056.277
2051.174
2090.055
2096.511
2112.604
2131.517
2139.989
2152.046
2147.744
1758.065
1648.465
1603.797
1604.121
1604.689
1594.569
1603.593
1596.787
1603.052
1595.156
1597.635
1597.377
1597.147
1592.764
1594.942
1378.251
1431.906
1435.377
1431.596
1420.769
1428.19
1422.803
1403.667
1261.64
1160.275
1195.239
1169.544
1166.956
1171.292
1166.012
1183.15
1170.153
1178.729
1176.053
1183.542
1175.337
1187.214
1140.344
1106.261
1120.119
1159.834
1230.277
1185.028
1195.534
1182.082
1195.08
1192.103
1203.742
1192.59
1203.976
1197.675
1212.311
1224.26
1175.401
1114.239
1123.836
1185.798
1233.796
1225.246
1235
1227.097
1226.813
1235.122
1239.707
1227.072
1240.874
1238.568
1237.824
1246.073
1163.389
1124.773
1117.158
1184.865
1274.686
1258.774
1267.663
1265.957
1261.918
1259.909
1264.383
1262.278
1265.996
1259.391
1258.998
1268.913
1180.12
1124.973
1120.632
1205.38
1282.305
1258.02
1251.591
1256.53
1258.781
1250.159
1259.583
1261.65
1243.057
1260.276
1251.791
1245.444
1159.996
1095.469
1102.519
1215.796
1267.178
1242.352
1263.827
1257.382
1271.444
1235.716
1230.026
1242.919
1235.629
1236.199
1237.211
1246.602
1149.286
1125.425
1124.281
1251.999
1285.322
1258
1283.07
1278.564
1278.92
1265.397
1289.206
1296.903
1279.045
1277.333
1275.459
1283.694
1137.921
1099.338
1104.26
1234.434
1277.158
1272.937
1286.247
1269.953
1272.481
1257.949
1270.753
1273.423
1271.406
1247.807
1272.904
1124.364
1104.752
1094.472
1243.09
1271.403
1256.443
1273.854
1262.487
1277.985
1258.381
1267.831
1262.077
1256.138
1265.359
1258.936
1260.926
1118.693
1099.157
1095.815
1228.652
1276.221
1266.607
1249.045
1253.808
1269.624
1249.607
1260.144
1250.67
1257.239
1262.781
1256.392
1251.175
1106.663
1099.599
1106.774
1248.386
1280.32
1269.777
1256.599
1267.404
1273.71
1270.196
1261.349
1258.846
1270.933
1253.699
1243.781
1252.429
1092.509
1091.804
1080.139
1256.071
1264.979
1258.958
1262.168
1248.904
1256.189
1261.16
1273.785
1236.002
1272.939
1270.891
1277.056
1387.201
1433.344
1443.412
1449.181
1455.286
1446.966
1467.241
1455.424
1444.912
1437.287
1440.213
1459.796
1439.298
1442.313
1432.381
1294.097
1291.73
1278.891
1437.591
1403.354
1407.088
1394.705
1401.652
1414.564
1413.102
1380.945
1395.388
1412.518
1379.143
1382.046
1284.464
1288.883
1456.437
1388.217
1397.059
1390.71
1398.546
1394.46
1386.655
1400.707
1383.827
1381.271
1366.37
1388.854
1376.857
1390.708
1369.286
1343.51
1366.484
1352.754
1338.858
1347.925
1360.904
1347.928
1342.937
1353.335
1344.489
1338.043
1357.903
1361.403
1354.311
1343.141
1332.807
1331.79
1358.29
1341.913
1322.695
1338.407
1370.918
1347.648
1341.031
1366.502
1335.523
1341.479
1359.755
1330.912
1361.579
1341.768
1342.341
1340.693
1331.792
1329.005
1338.365
1331.928
1329.644
1343.505
1329.162
1327.787
1317.901
1329.327
1308.55
1337.341
1306.424
1332.582
1318.434
1330.455
1324.366
1325.437
1313.366
1323.73
1335.203
1318.194
1335.318
1311.327
1335.514
1326.068
1330.886
1324.001
1339.786
1323.899
1339.897
1332.524
1331.615
1330.981
1342.704
1332.084
1343.464
1339.714
1341.187
1336.928
1348.7
1442.901
1426.892
1360.96
1367.122
1370.393
1371.002
1370.888
1370.468
1366.844
1363.401
1377.01
1364.614
1377.359
1376.111
1370.21
1363.931
1371.177
1360.757
1353.804
1301.989
1277.135
1356.209
1328.414
1342.075
1328.125
1384.769
1415.395
1442.846
1476.937
1514.375
1565.821
1471.38
1439.046
1443.409
1447.172
1434.331
1442.662
1443.973
1441.573
1447.493
1299.182
1399.324
1341.709
1187.464
1110.019
1246.433
1172.609
1167.73
1184.529
1173.55
1174.474
1179.469
1193.902
1183.957
1204.2
1201.335
1195.337
1168.178
1117.161
1113.544
1127.217
1255.081
1186.029
1205.192
1202.671
1200.345
1212.915
1212.506
1211.103
1213.708
1219.52
1209.249
1224.508
1166.332
1104.973
1109.094
1145.766
1269.111
1230.551
1235.966
1211.307
1225.114
1219.117
1235.414
1242.13
1243.474
1241.34
1247.286
1241.166
1186.612
1114.013
1104.427
1154.188
1294.86
1238.751
1241.448
1253.553
1244.617
1256.742
1246.685
1243.195
1222.558
1242.343
1248.571
1217.182
1186.06
1105.323
1110.152
1159.344
1304.722
1248.4
1255.13
1231.361
1244.738
1250.323
1238.906
1258.122
1247.356
1252.387
1247.738
1252.972
1171.521
1110.14
1107.494
1167.131
1300.489
1246
1248.548
1246.721
1245.28
1251.727
1245.754
1264.122
1261.504
1264.301
1269.386
1162.698
1102.462
1111.865
1187.171
1302.714
1263.869
1241.004
1279.558
1281.063
1259.751
1273.839
1265.318
1246.557
1264.162
1250.57
1261.07
1091.759
1082.215
1177.781
1255.339
1221.986
1280.577
1261.131
1259.742
1257.482
1252.151
1257.243
1261.925
1245.998
1257.666
1139.439
1095.365
1095.764
1192.236
1292.147
1264.571
1286.47
1275.935
1273.777
1267.083
1271.544
1242.437
1288.457
1239.786
1295.604
1252.443
1138.784
1108.526
1096.746
1211.977
1274.335
1269.741
1254.283
1259.666
1271.419
1264.607
1269.436
1259.352
1279.545
1267.006
1134.704
1111.785
1103.207
1239.834
1266.127
1272.322
1268.083
1267.52
1272.319
1262.124
1265.337
1260.097
1268.789
1267.091
1273.794
1251.866
1138.774
1103.869
1102.927
1244.526
1264.102
1248.245
1253.726
1261.947
1265.902
1251.27
1317.863
1270.529
1423.299
1440.392
1468.146
1452.522
1469.861
1433.444
1427.536
1438.095
1436.435
1417.157
1423.651
1443.88
1433.476
1322.304
1295.857
1270.194
1419.59
1395.329
1381.488
1403.968
1402.354
1387.66
1389.225
1393.012
1390.39
1384.86
1381.293
1384.432
1377.198
1281.116
1261.824
1405.635
1347.605
1385.623
1384.653
1351.668
1398.875
1379.049
1367.955
1366.372
1378.036
1391.298
1360.442
1354.218
1375.911
1363.472
1338.458
1338.599
1348.477
1335.358
1338.093
1341.053
1341.415
1349.664
1340.464
1327.632
1330.872
1324.932
1333.534
1343.122
1328.8
1316.623
1304.357
1310.683
1301.512
1288.359
1317.11
1315.815
1299.742
1317.697
1294.882
1322.972
1283.914
1312.378
1296.392
1293.061
1297.904
1298.285
1290.976
1309.251
1285.177
1306.438
1299.546
1317.354
1305.491
1320.758
1302.362
1310.418
1317.752
1319.813
1322.424
1326.209
1320.843
1326.513
1319.92
1318.921
1322.764
1326.568
1315.372
1323.779
1328.126
1320.156
1333.263
1320.233
1328.132
1326.146
1333.803
1335.753
1329.12
1331.132
1326.187
1331.671
1317.667
1331.685
1406.198
1431.214
1352.17
1354.438
1352.846
1359.071
1337.943
1359.092
1348.113
1349.365
1346.077
1355.033
1351.501
1351.848
1351.772
1343.447
1343.968
1337.824
1305.748
1272.372
1300.561
1323.28
1317.364
1313.724
1313.761
1393.355
1407.152
1437.42
1484.408
1522.762
1501.686
1420.533
1403.693
1399.171
1409.529
1409.065
1395.193
1369.195
1318.477
1380.108
1317.184
1150.603
1112.039
1149.577
1168.382
1163.125
1161.69
1166.619
1164.19
1169.788
1183.485
1169.905
1182.165
1137.142
1085.128
1087.53
1131.456
1183.561
1202.326
1206.1
1212.55
1215.86
1188.292
1205.922
1205.879
1158.859
1101.388
1098.814
1163.65
1263.15
1218.326
1211.432
1215.546
1208.321
1211.279
1211.853
1206.345
1203.758
1209.496
1201.186
1139.135
1100.811
1093.668
1157.505
1257.945
1224.526
1241.369
1241.915
1211.112
1237.624
1220.289
1243.458
1217.906
1228.343
1144.796
1102.18
1485.173
1674.725
1700.927
1743.765
1745.483
1710.412
1721.306
1711.181
1696.259
1678.076
1699.925
1684.752
1666.435
1585.367
1408.897
1106.729
1188.234
1250.316
1242.322
1246.868
1273.383
1260.946
1250.345
1251.512
1253.425
1262.336
1249.795
1247.379
1147.575
1102.821
1094.592
1208.671
1281.19
1256.326
1259.677
1269.389
1242.956
1263.587
1247.166
1247.169
1268.485
1260.672
1276.015
1278.123
1131.101
1095.337
1096.005
1210.205
1279.863
1257.309
1244.063
1260.085
1251.287
1258.148
1260.552
1258.615
1259.302
1270.418
1272.314
1246.443
1126.747
1098.092
1104.89
1223.392
1278.684
1250.3
1241.696
1242.522
1245.771
1219.486
1240.954
1246.8
1229.722
1237.994
1233.883
1232.773
1092.487
1082.68
1070.746
1207.668
1258.268
1256.292
1247.742
1247.733
1244.646
1233.574
1249.601
1243.464
1234.735
1243.21
1257.686
1274.207
1109.706
1085.614
1091.069
1239.975
1258.611
1249.758
1256.429
1253.459
1242.44
1253.189
1220.388
1235.141
1236.609
1234.006
1239.408
1237.851
1085.341
1348.182
1415.282
1444.915
1450.501
1432.015
1418.759
1427.137
1410.264
1433.176
1435.433
1415.655
1406.117
1442.824
1315.661
1294.404
1297.276
1396.348
1430.048
1414.303
1395.256
1392.573
1419.618
1401.249
1386.707
1413.516
1402.872
1367.197
1385.576
1372.955
1297.809
1256.346
1269.713
1335.026
1400.957
1352.926
1387.348
1399.034
1372.379
1394.469
1374.923
1402.213
1386.511
1386.576
1377.796
1382.021
1383.046
1361.262
1334.681
1348.565
1324.279
1336.482
1325.571
1343.936
1326.493
1312.589
1320.913
1313.335
1319.838
1316.089
1318.046
1305.069
1310.04
1316.653
1325.542
1311.402
1315.819
1317.5
1325.666
1320.182
1323.538
1325.945
1316.186
1322.308
1318.195
1310.84
1328.285
1313.147
1318.056
1318.519
1311.98
1314.857
1322.563
