2294.6489999999999
1462.0940000000001
1576.6210000000001
1608.3910000000001
1629.5530000000001
1665.6690000000001
1659.5
1659.2639999999999
1638.008
1628.691
1637.3099999999999
1627.7149999999999
1623.9970000000001
1479.799
1167.297
1169.0920000000001
1170.7149999999999
1176.2180000000001
1175.326
1170.259
1160.6089999999999
1164.691
1170.4069999999999
1172.2919999999999
1167.2049999999999
1160.3800000000001
1158.6990000000001
1164.771
1165.431
1159.3710000000001
1164.7090000000001
1154.0999999999999
1154.625
1156.201
1156.298
1160.6869999999999
1159.412
1150.798
1151.269
1141.8789999999999
1149.4390000000001
1155.7560000000001
1154.636
1147.365
1153.3130000000001
1146.222
1147.8009999999999
1151.0160000000001
1154.692
1162.057
1163.192
1160.0429999999999
1158.0889999999999
1156.404
1150.9939999999999
1159.7760000000001
1167.2719999999999
1164.5730000000001
1170.144
1164.0530000000001
1159.607
1169.364
1166.6849999999999
1172.1849999999999
1167.5419999999999
1161.277
1158.1579999999999
1162.9760000000001
1163.704
1170.6400000000001
1167.578
1164.0350000000001
1164.354
1159.4970000000001
1164
1173.1120000000001
1168.181
1287.847
1477.6410000000001
1362.855
1345.0309999999999
1343.181
1348.9169999999999
1341.8019999999999
1332.307
1340.6300000000001
1332.3969999999999
1339.1600000000001
1346.019
1223.1790000000001
1174.6990000000001
1164.5630000000001
1160.9169999999999
1299.7190000000001
1160.009
1156.2940000000001
1157.181
1148.6099999999999
1159.71
1156.289
1160.0160000000001
1153.8620000000001
1149.7270000000001
1149.883
1140.412
1148.662
1152.4449999999999
1189.3920000000001
1170.518
1173.7329999999999
1162.9970000000001
1160.1610000000001
1172.204
1324.2070000000001
1221.3019999999999
1212.7840000000001
1204.5709999999999
1206.393
1212.2639999999999
1212.4000000000001
1191.8810000000001
1163.269
1277.9000000000001
1208.002
1206.164
1216.0219999999999
1217.144
1214.1469999999999
1214.694
1211.52
1215.9580000000001
1223.1130000000001
1217.643
1221.527
1207.9469999999999
1165.019
1157.1389999999999
1154.9770000000001
1288.6369999999999
1218.375
1218.6590000000001
1211.248
1209.453
1223.424
1221.4000000000001
1226.9190000000001
1216.5509999999999
1216.7639999999999
1211.6849999999999
1226.4059999999999
1226.577
1169.6410000000001
1159.8
1152.9929999999999
1299.6980000000001
1218.8979999999999
1240.0450000000001
1230.788
1222.316
1222.7829999999999
1230.625
1235.99
1241.2550000000001
1243.6780000000001
1228.1489999999999
1243.441
1233.162
1156.7570000000001
1155.097
1147.9590000000001
1321.0440000000001
1232.828
1251.7660000000001
1264.164
1232.3520000000001
1259.4490000000001
1255.9880000000001
1267.954
1261.7159999999999
1252.3230000000001
1243.2090000000001
1268.7
1266.5920000000001
1156.193
1146.415
1149.752
1317.4639999999999
1244.829
1277.0050000000001
1270.6020000000001
1273.454
1276.3810000000001
1272.5160000000001
1274.077
1276.777
1278.1210000000001
1293.578
1290.002
1278.7650000000001
1153.4639999999999
1145.3979999999999
1150.6030000000001
1331.45
1297.9059999999999
1294.9690000000001
1303.97
1304.3320000000001
1304.7270000000001
1308.3610000000001
1300.579
1307.4079999999999
1308.7570000000001
1312.627
1313.6980000000001
1300.8599999999999
1157.855
1160.7370000000001
1154.8420000000001
1346.02
1336.287
1334.797
1337.114
1320.992
1326.5899999999999
1339.2059999999999
1331.2139999999999
1333.3340000000001
1320.171
1327.989
1343.258
1335.3610000000001
1163.3340000000001
1149.231
1138.971
1389.1089999999999
1333.4110000000001
1328.798
1335.5809999999999
1349.075
1331.2429999999999
1330.9639999999999
1325.2339999999999
1345.752
1334.8589999999999
1330.364
1341.7660000000001
1323.2550000000001
1140.2270000000001
1144.748
1143.2729999999999
1375.7660000000001
1341.056
1332.8810000000001
1327.4349999999999
1328.8620000000001
1329.9069999999999
1328.951
1329.3399999999999
1337.712
1335.807
1332.566
1336.279
1283.8989999999999
1129.9580000000001
1131.78
1136.338
1383.481
1324.8510000000001
1328.287
1336.0999999999999
1333.4670000000001
1326.1300000000001
1343.8599999999999
1331.6579999999999
1335.9159999999999
1327.501
1334.2339999999999
1303.1210000000001
1143.172
1136.953
1132.0150000000001
1398.6120000000001
1327.768
1340.828
1342.915
1318.9169999999999
1324.971
1320.5419999999999
1346.8299999999999
1346.5360000000001
1341.894
1322.741
1320.874
1287.451
1139.54
1138.847
1138.2260000000001
1404.048
1333.7190000000001
1335.377
1329.1569999999999
1321.942
1323.8789999999999
1327.684
1337.357
1348.0889999999999
1341.0709999999999
1336.943
1333.1010000000001
1279.923
1136.104
1139.472
1135.684
1371.2249999999999
1334.115
1331.0550000000001
1333.921
1331.8689999999999
1325.0719999999999
1329.2080000000001
1306.8699999999999
1327.2339999999999
1314.6690000000001
1295.297
1313.626
1275.498
1112.6610000000001
1099.0989999999999
1103.319
1363.306
1306.1369999999999
1314.634
1303.7270000000001
1321.7639999999999
1312.1099999999999
1315.7940000000001
1323.057
1301.3050000000001
1327.3340000000001
1339.8309999999999
1329.395
1305.8309999999999
1124.4559999999999
1128.133
1127.3119999999999
1386.4770000000001
1316.018
1313.508
1327.7360000000001
1327.9390000000001
1319.8050000000001
1309.3589999999999
1317.6400000000001
1333.4280000000001
1320.866
1328.4839999999999
1332.8299999999999
1311.3150000000001
1139.415
1144.271
1144.1369999999999
1373.105
1355.027
1341.5409999999999
1327.3389999999999
1344.3820000000001
1328.942
1327.3720000000001
1337.336
1341.2950000000001
1300.518
1313.6489999999999
1281.5820000000001
1120.0940000000001
1115.924
1115.771
1366.3030000000001
1322.039
1330.2429999999999
1326.934
1320.085
1313.971
1340.23
1323.299
1327.309
1331.0830000000001
1340.2919999999999
1343.6289999999999
1306.0830000000001
1129.5029999999999
1250.2619999999999
1340.415
1341.4100000000001
1336.1569999999999
1330.7529999999999
1320.326
1330.4670000000001
1337.953
1341.4459999999999
1323.471
1330.011
1333.7059999999999
1333.308
1184.915
1117.1579999999999
1107.4839999999999
1229.194
1352.366
1325.752
1329.394
1324.2829999999999
1314.319
1321.9200000000001
1336.047
1333.377
1331.6279999999999
1329.2650000000001
1331.6600000000001
1336.095
1191.1869999999999
1119.8299999999999
1114.6700000000001
1249.338
1375.8810000000001
1345.0650000000001
1337.1379999999999
1337.905
1323.386
1334.97
1336.319
1326.4739999999999
1327.6659999999999
1346.1130000000001
1325.8040000000001
1344.6769999999999
1117.1400000000001
1119.2829999999999
1236.665
1352.7829999999999
1331.402
1329.866
1323.4929999999999
1320.0260000000001
1330.9829999999999
1323.3109999999999
1323.5229999999999
1320.7860000000001
1338.5070000000001
1332.675
1322.8599999999999
1204.355
1119.7660000000001
1123.335
1219.0940000000001
1368.0429999999999
1339.2449999999999
1324.7650000000001
1330.6980000000001
1333.8679999999999
1335.2470000000001
1318.337
1309.77
1319.3789999999999
1327.856
1315.289
1323.165
1208.1079999999999
1111.748
1110.3389999999999
1214.8130000000001
1377.1289999999999
1312.7370000000001
1329.2049999999999
1322.992
1334.2940000000001
1335.4300000000001
1321.25
1322.9259999999999
1330.135
1339.0709999999999
1333.8630000000001
1341.4190000000001
1213.596
1119.328
1120.9290000000001
1199.787
1385.472
1343.806
1324.3800000000001
1334.615
1336.836
1328.2470000000001
1321.758
1329.606
1327.748
1329.4369999999999
1318.018
1331.4159999999999
1191.7819999999999
1117.7080000000001
1112.53
1238.48
1358.768
1326.6479999999999
1326.646
1325.056
1326.5329999999999
1311.328
1387.202
1328.0340000000001
1555.5830000000001
1521.6410000000001
1525.068
1524.8420000000001
1538.21
1523.0989999999999
1506.396
1514.3720000000001
1513.9559999999999
1508.327
1488.4780000000001
1487.0719999999999
1450.211
1294.115
1302.2719999999999
1295.1469999999999
1506.74
1467.8689999999999
1476.7370000000001
1489.739
1485.9110000000001
1470.097
1458.0530000000001
1478.0250000000001
1472.836
1464.6120000000001
1470.114
1459.4300000000001
1451.3019999999999
1300.5799999999999
1300.78
1364.7339999999999
1538.2550000000001
1464.431
1479.6210000000001
1470.528
1484.2729999999999
1474.135
1472.9849999999999
1485.7280000000001
1493.9269999999999
1489.8050000000001
1483.5730000000001
1479.8889999999999
1458.0550000000001
1470.0730000000001
1464.5350000000001
1478.635
1429.8610000000001
1410.421
1430.336
1444.0160000000001
1421.971
1396.7539999999999
1404.8599999999999
1375.8330000000001
1378.9549999999999
1372.9010000000001
1377.7470000000001
1392.9110000000001
1390.905
1384.0050000000001
1365.8699999999999
1366.1849999999999
1359.173
1371.5619999999999
1366.068
1355.162
1370.104
1369.8889999999999
1362.845
1371.9359999999999
1371.519
1360.0609999999999
1357.5899999999999
1359.598
1362.684
1359.55
1355.021
1340.7239999999999
1357.048
1356.306
1362.4659999999999
1356.731
1352.5650000000001
1352.117
1352.248
1356.241
1360.163
1349.0599999999999
1355.2660000000001
1343.472
1350.817
1357.1010000000001
1349.9490000000001
1356.4380000000001
1343.5940000000001
1356.585
1359.6420000000001
1358.5840000000001
1357.1310000000001
1357.9760000000001
1353.424
1362.9839999999999
1354.162
1361.4929999999999
1349.6769999999999
1361.886
1359.828
1367.6890000000001
1366.78
1353.8240000000001
1358.3869999999999
1356.97
1367.2180000000001
1363.432
1361.213
1348.905
1362.9739999999999
1361.877
1470.307
1524.325
1398.663
1389.923
1392.4659999999999
1401.115
1392.6099999999999
1390.4849999999999
1394.431
1388.75
1398.8520000000001
1391.8199999999999
1390.674
1387.9829999999999
1394.162
1390.2239999999999
1386.9290000000001
1383.3409999999999
1377.837
1374.0250000000001
1312.982
1301.934
1371.922
1355.0319999999999
1347.1880000000001
1360.7739999999999
1418.4929999999999
1433.9590000000001
1445.367
1461.1300000000001
1482.047
1503.2139999999999
1436.4169999999999
1418.797
1416.5899999999999
1421.934
1419.8630000000001
1423.748
1420.3520000000001
1410.4839999999999
1415.3620000000001
1406.239
1413.7619999999999
1415.221
1409.8330000000001
1414.0699999999999
1415.5630000000001
1417.0219999999999
1347.971
1288.9559999999999
1388.6869999999999
1487.8119999999999
1484.066
1481.682
1493.213
1507.905
1509.8019999999999
1519.3240000000001
1495.252
1450.0719999999999
1447.4469999999999
1453.9490000000001
1455.6869999999999
1444.845
1448.8050000000001
1449.431
1454.588
1449.2049999999999
1445.989
1452.4880000000001
1456.6969999999999
1464.2619999999999
1457.3440000000001
1453.885
1450.6110000000001
1453.8140000000001
1460.2619999999999
1462.508
1458.788
1584.3009999999999
1618.9100000000001
1631.2280000000001
1645.8779999999999
1666.316
1677.4860000000001
1706.375
1723.7819999999999
1739.039
1760.1859999999999
1772.634
1794.3240000000001
1821.1110000000001
1832.53
1845.22
1656.9100000000001
1642.5719999999999
1633.931
1631.953
1631.499
1622.086
1629.636
1621.675
1621.3
1627.829
1619.346
1615.6479999999999
1610.5219999999999
1621.7139999999999
1628.001
1623.8420000000001
1620.693
1612.5170000000001
1618.8109999999999
1621.04
1621.124
1616.242
1614.3489999999999
1603.95
1428.193
1416.9680000000001
1416.538
1419.7760000000001
1416.057
1409.1300000000001
1416.905
1422.883
1414.473
1410.682
1337.3409999999999
1149.3779999999999
1169.24
1246.473
1207.7470000000001
1199.77
1201.537
1203.7840000000001
1197.6559999999999
1205.2149999999999
1206.5719999999999
1215.2560000000001
1210.454
1202.912
1205.623
1169.4559999999999
1129.742
1127.848
1185.4159999999999
1256.8050000000001
1223.0450000000001
1212.0930000000001
1215.7670000000001
1202.4760000000001
1204.443
1208.404
1216.0419999999999
1202.672
1209.4770000000001
1213.6120000000001
1206.75
1157.539
1116.0640000000001
1114.76
1205.3779999999999
1239.6410000000001
1220.5309999999999
1226.704
1233.165
1215.7719999999999
1218.2380000000001
1228.933
1234.222
1249.2080000000001
1247.557
1241.6120000000001
1248.4480000000001
1177.5250000000001
1132.0070000000001
1133.8589999999999
1275.866
1267.7619999999999
1258.848
1272.422
1266.9300000000001
1264.5609999999999
1261.4570000000001
1266.894
1271.866
1276.8
1283.3309999999999
1283.992
1177.6179999999999
1128.4770000000001
1130.056
1260.2439999999999
1323.7
1310.269
1291.318
1288.712
1295.5319999999999
1287.114
1286.3399999999999
1294.7919999999999
1299.5050000000001
1297.115
1310.567
1308.7860000000001
1135.0809999999999
1130.2639999999999
1275.1890000000001
1328.519
1326.527
1299.857
1299.867
1296.722
1719.2070000000001
1769.5070000000001
1826.1569999999999
1858.075
1851.3620000000001
1683.646
1623.856
1604.8430000000001
1750.1610000000001
1840.9380000000001
1687.403
1321.4960000000001
1317.8430000000001
1324.953
1314.825
1315.616
1300.7739999999999
1315.6900000000001
1318.4559999999999
1325.5820000000001
1136.9780000000001
1107.3679999999999
1113.4639999999999
1290.818
1353.1959999999999
1328.365
1322.079
1345.3019999999999
1347.7360000000001
1345.925
1357.1120000000001
1348.711
1341.924
1344.3230000000001
1352.2550000000001
1365.4570000000001
1159.627
1138.7249999999999
1145.509
1330.7560000000001
1384.962
1378.0930000000001
1370.2170000000001
1350.4649999999999
1357.8219999999999
1343.5550000000001
1336.5450000000001
1351.924
1356.0250000000001
1124.048
1117.5309999999999
1109.6980000000001
1324.9269999999999
1382.6110000000001
1349.2639999999999
1363.894
1365.5630000000001
1360.154
1362.585
1354.6300000000001
1355.414
1351.1500000000001
1345.2460000000001
1360.3920000000001
1362.9590000000001
1120.193
1114.6110000000001
1113.1700000000001
1318.5360000000001
1383.2380000000001
1365.1510000000001
1351.0219999999999
1346.5609999999999
1348.2550000000001
1355.192
1356.2329999999999
1371.752
1360.1189999999999
1365.76
1359.425
1346.6690000000001
1120.961
1117.711
1124.578
1366.846
1365.9690000000001
1352.586
1342.4159999999999
1346.597
1345.819
1341.2840000000001
1343.1099999999999
1356.058
1357.04
1344.3810000000001
1330.4469999999999
1113.99
1106.9059999999999
1243.086
1575.8520000000001
1557.3330000000001
1533.1610000000001
1534.0640000000001
1528.5740000000001
1516.752
1513.828
1506.087
1511.8900000000001
1503.0170000000001
1506.521
1494.9570000000001
1440.4359999999999
1290.9200000000001
1296.0419999999999
1309.895
1538.3489999999999
1481.972
1464.595
1476.162
1450.5809999999999
1460.0050000000001
1469.2660000000001
1473.6590000000001
1466.5429999999999
1453.393
1403.9110000000001
1291.1959999999999
1283.261
1290.749
1523.9570000000001
1478.136
1467.799
1491.855
1465.989
1460.4079999999999
1480.6079999999999
1485.605
1489.7280000000001
1492.4269999999999
1491.1869999999999
1485.527
1490.4349999999999
1480.1379999999999
1496.296
1459.799
1451.1510000000001
1438.366
1466.5029999999999
1425.854
1428.029
1442.884
1385.6320000000001
1399.4680000000001
1390.2809999999999
1392.761
1401.298
1400.423
1386.694
1371.0519999999999
1367.1780000000001
1372.9000000000001
1391.3969999999999
1388.2270000000001
1361.1659999999999
1360.95
1374.78
1367.8699999999999
1352.752
1373.1110000000001
1391.712
1365.365
1389.825
1361.6890000000001
1372.472
1388.847
1362.941
1392.8309999999999
1360.9390000000001
1365.8699999999999
1350.1759999999999
1353.029
1347.01
1356.9949999999999
1350.0329999999999
1358.721
1344.8720000000001
1335.646
1343.76
1345.6790000000001
1353.4059999999999
1352.1110000000001
1349.7049999999999
1348.8499999999999
1352.0160000000001
1352.527
1368.8630000000001
1354.807
1344.499
1354.7439999999999
1356.0719999999999
1360.0740000000001
1355.9110000000001
1354.8320000000001
1343.6089999999999
1350.5709999999999
1537.472
1722.546
1765.886
1795.6189999999999
1837.7139999999999
1823.9490000000001
1824.3109999999999
1796.595
1810.7429999999999
1788.155
1805.2339999999999
1784.3630000000001
1726.6559999999999
1529.3009999999999
1394.6900000000001
1390.575
1379.9069999999999
1384.1400000000001
1387.222
1386.932
1389.9369999999999
1380.0599999999999
1389.633
1387.903
1389.3340000000001
1379.403
1389.7070000000001
1390.3440000000001
1390.5799999999999
1376.3979999999999
1356.4839999999999
1300.6220000000001
1307.0139999999999
1340.5640000000001
1348.693
1343.5599999999999
1357.1610000000001
1452.248
1482.0640000000001
1521.71
1580.912
1631.9190000000001
1631.3620000000001
1481.075
1480.2439999999999
1483.4390000000001
1479.1890000000001
1482.2809999999999
1479.625
1473.2090000000001
1482.9110000000001
1473.1890000000001
1476.923
1474.547
1465.5530000000001
1476.8510000000001
1472.1189999999999
1470.3820000000001
1464.787
1457.0060000000001
1463.3710000000001
1394.3779999999999
1389.261
1315.0989999999999
1190.7550000000001
1118.1969999999999
1318.414
1216.7049999999999
1203.3910000000001
1221.749
1215.788
1221.019
1224.7670000000001
1228.9190000000001
1219.548
1223.768
1222.2809999999999
1212.4359999999999
1189.5909999999999
1109.0160000000001
1110.529
1107.8699999999999
1292.6099999999999
1215.3340000000001
1220.0830000000001
1215.7180000000001
1217.3330000000001
1219.3920000000001
1211.03
1216.877
1215.3130000000001
1212.204
1214.7080000000001
1210.846
1179.2329999999999
1098.662
1109.8589999999999
1129.502
1314.193
1227.2629999999999
1236.1320000000001
1232.8920000000001
1243.971
1240.845
1206.9259999999999
1219.682
1210.3389999999999
1217.809
1221.6869999999999
1223.4190000000001
1177.433
1094.329
1089.8869999999999
1118.4739999999999
1299.675
1229.078
1226.528
1225.883
1238.0989999999999
1233.412
1224.97
1232.135
1254.1020000000001
1257.8699999999999
1267.752
1252.731
1203.001
1107.0840000000001
1113.787
1152.6030000000001
1359.498
1290.365
1271.7729999999999
1257.5450000000001
1276.0920000000001
1277.0609999999999
1285.614
1275.5129999999999
1268.625
1265.03
1261.5139999999999
1265.53
1195.2850000000001
1093.1679999999999
1098.9939999999999
1148.739
1341.8340000000001
1290.278
1288.848
1289.875
1285.0160000000001
1295.8979999999999
1291.6469999999999
1285.7619999999999
1304.211
1302.296
1309.2139999999999
1310.104
1193.259
1103.0740000000001
1104.5309999999999
1162.8679999999999
1354.712
1308.492
1314.7550000000001
1317.2929999999999
1295.807
1328.2909999999999
1320.3710000000001
1320.338
1308.9059999999999
1311.1030000000001
1314.9970000000001
1311.7850000000001
1208.5429999999999
1099.4349999999999
1100.069
1168.2090000000001
1372.48
1331.7919999999999
1320.8150000000001
1314.4829999999999
1310.126
1322.4169999999999
1317.008
1318.8710000000001
1320.05
1323.2819999999999
1324.886
1204.4939999999999
1107.5450000000001
1103.377
1371.232
1538.0930000000001
1729.8979999999999
1761.8309999999999
1826.3699999999999
1851.3499999999999
1841.002
1856.3030000000001
1826.9449999999999
1823.98
1814.232
1791.0509999999999
1661.8130000000001
1397.451
1100.6959999999999
1218.557
1365.124
1322.1010000000001
1293.5550000000001
1320.6379999999999
1311.5250000000001
1309.1099999999999
1307.171
1307.008
1305.271
1308.26
1319.886
1306.277
1429.423
1410.3309999999999
1663.6849999999999
1522.915
1500.375
1503.1980000000001
1496.5830000000001
1488.8040000000001
1476.24
1460.2560000000001
1504.1959999999999
1495.2919999999999
1472.0409999999999
1481.3019999999999
1433.9159999999999
1286.0730000000001
1293.586
1296.1990000000001
1524.575
1469.452
1463.3679999999999
1469.1379999999999
1480.4269999999999
1480.2
1474.6489999999999
1471.7280000000001
1469.873
1466.2339999999999
1467.26
1458.8689999999999
1428.242
1293.8869999999999
1286.0519999999999
1296.9449999999999
1302.037
1525.827
1469.9639999999999
1457.51
1473.454
1472.0989999999999
1460.9059999999999
1477.4359999999999
1470.403
1458.702
1477.6690000000001
1471.0319999999999
1476.463
1460.857
1470.8679999999999
1497.98
1452.172
1397.0250000000001
1388.7909999999999
1426.2360000000001
1435.213
1430.415
1420.6800000000001
1411.2159999999999
1386.0989999999999
1384.4090000000001
1394.894
1384.0509999999999
1366.9590000000001
1364.654
1375.2090000000001
1362.7470000000001
1347.04
1348.0599999999999
1355.8140000000001
1350.1079999999999
1335.6099999999999
1345.875
1362.0709999999999
1342.3810000000001
1347.825
1345.152
1327.271
1347.0830000000001
1343.896
1343.498
1355.521
1342.454
1332.7650000000001
1336.2570000000001
1340.373
1336.404
1348.847
1335.6210000000001
1341.1179999999999
1326.499
1337.106
1337.864
1334.4939999999999
1335.8889999999999
1334.222
1332.175
1332.6369999999999
1333.5609999999999
1331.202
1337.914
1347.2339999999999
1349.2360000000001
1349.2349999999999
1346.866
1348.796
1361.8119999999999
1351.913
1359.579
1353.8299999999999
1349.3889999999999
1351.299
1353.4280000000001
1353.2170000000001
1354.1420000000001
1361.8
1356.931
1359.1800000000001
1348.864
1352.1559999999999
1581.126
1732.954
1784.7670000000001
1858.1089999999999
2042.3340000000001
1915.605
1857.4939999999999
1853.3099999999999
1837.2760000000001
1827.77
1830.4469999999999
1589.261
1379.5139999999999
1376.8320000000001
1377.046
1371.289
1377.521
1364.116
1374.777
1372.7809999999999
1378.2
1376.4280000000001
1366.204
1283.595
1282.8309999999999
1346.0319999999999
1339.971
1341.6780000000001
1310.8109999999999
1208.3779999999999
1279.8
1587.2840000000001
1547.836
1486.8910000000001
1519.5350000000001
1467.8030000000001
1445.5160000000001
1451.47
1445.288
1436.173
1440.991
1452.585
1448.607
1456.078
1443.7619999999999
1441.011
1451.3309999999999
1450.2239999999999
1454.854
1449.3800000000001
1440.229
1454.9939999999999
1441.777
1455.1659999999999
1448.6890000000001
1437.9680000000001
1447.7560000000001
1431.508
1409.9549999999999
1360.079
1489.173
1654.115
1563.0029999999999
1593.7180000000001
1582.1099999999999
1475.876
1481.0820000000001
1472.3630000000001
1484.268
1487.8
1481.335
1487.1659999999999
1485.1369999999999
1469.74
1472.4670000000001
1461.9880000000001
1465.4580000000001
1460.921
1454.627
1463.1769999999999
1459.5630000000001
1460.326
1460.902
1487.9760000000001
1689.4469999999999
1712.663
1737.431
1761.0909999999999
1791.3030000000001
1827.8630000000001
1857.097
1907.9110000000001
1951.2329999999999
1946.3779999999999
1667.4970000000001
1669.8409999999999
1678.7339999999999
1678.2950000000001
1674.2829999999999
1673.2560000000001
1662.116
1672.134
1669.1690000000001
1658.116
1655.9179999999999
1645.499
1635.556
1646.538
1638.5909999999999
1628.393
1628.2
1626.6659999999999
1625.9929999999999
1632.5119999999999
1625.229
1620.6379999999999
1637.856
1635.1969999999999
1647.4480000000001
1649.559
1646.4659999999999
1655.6279999999999
1655.1980000000001
1843.7339999999999
2052.7069999999999
2140.5799999999999
2178.7159999999999
2214.5990000000002
2207.9189999999999
2225.779
2224.8209999999999
2205.3429999999998
2220.0419999999999
2209.2159999999999
2230.4360000000001
1996.5039999999999
1782.107
1787.5640000000001
1795.787
1792.0840000000001
1815.2329999999999
1811.96
1811.116
1816.9770000000001
1817.0630000000001
1831.3920000000001
1837.7439999999999
1841.9290000000001
1845.8309999999999
1847.864
1858.5799999999999
1882.0940000000001
1877.2550000000001
1884.78
1890.0139999999999
1912.4870000000001
1906.4960000000001
1924.777
1927.913
1949.337
1952.068
1963.4639999999999
1887.125
1864.768
1874.654
1869.6510000000001
1864.3810000000001
1861.7550000000001
1860.5830000000001
1869.1769999999999
1869.0450000000001
1864.7719999999999
1861.6379999999999
1866.3150000000001
1862.587
1856.0119999999999
1866.587
1860.4639999999999
1856.3620000000001
1853.943
1838.011
1844.8230000000001
1846.173
1842.6500000000001
1844.402
1839.5540000000001
1834.723
1832.644
1836.7929999999999
1843.8330000000001
1837.675
1830.971
1830.077
1837.883
1848.0319999999999
1835.134
1834.624
1835.7070000000001
1831.366
1838.249
1838.46
1834.481
1832.377
1827.886
1823.692
1830.0329999999999
1824.241
1827.1389999999999
1820.0840000000001
1833.232
1827.0809999999999
1824.954
1819.7139999999999
1823.954
1821.4649999999999
1822.933
1829.3789999999999
1824.7729999999999
1814.896
1844.0840000000001
1842.3579999999999
1841.8340000000001
1837.4659999999999
1881.97
2198.7629999999999
2248.308
2285.6120000000001
2302.2220000000002
2328.1080000000002
2327.0259999999998
2305.4470000000001
2293.107
2275.192
2303.6399999999999
2281.5749999999998
2291.5140000000001
1874.9459999999999
1826.2349999999999
1838.0360000000001
1832.0160000000001
1833.902
1828.3800000000001
1821.748
1839.8130000000001
1834.2529999999999
1828.7260000000001
1834.1199999999999
1824.9010000000001
1846.749
1825.95
1834.3530000000001
1830.7919999999999
1827.5350000000001
1838.6079999999999
1838.913
1835.6759999999999
1833.846
1822.9860000000001
1827.8030000000001
1828.23
1822.307
1814.4760000000001
1822.067
1816.1759999999999
1826.703
1817.508
1810.4739999999999
1818.5050000000001
1809.1220000000001
1824.809
1816.492
1822.0239999999999
1814.0050000000001
1830.848
1818.396
1827.289
1824.1410000000001
1816.8119999999999
1810.242
1819.819
1812.21
1813.376
1815.886
1805.6510000000001
1806.48
1805.4580000000001
1800.4079999999999
1798.723
1790.4490000000001
1794.1859999999999
1796.2760000000001
1797.377
1802.7760000000001
1792.086
1801.3299999999999
1799.558
1797.3119999999999
1797.9269999999999
1794.9849999999999
1799.739
1790.127
1799.7049999999999
1803.4780000000001
1803.3309999999999
1801.4580000000001
1796.1420000000001
1801.384
1805.606
1802.444
1800.569
1798.7760000000001
1792.6980000000001
1792.125
1801.5809999999999
1800.1769999999999
1792.329
1792.1089999999999
1790.1590000000001
1782.4690000000001
1800.1010000000001
1793.787
1831.4069999999999
2151.174
2200.5050000000001
2251.3560000000002
2286.3180000000002
2288.3939999999998
2284.348
2270.6210000000001
2269.3159999999998
2263.8409999999999
2257.8299999999999
2247.8519999999999
2236.2379999999998
1849.702
1803.2929999999999
1803.4760000000001
1798.4059999999999
1794.511
1809.828
1806.24
1801.453
1807.575
1801.6600000000001
1801.9949999999999
1804.155
1802.479
1801.6110000000001
1793.9639999999999
1801.472
1792.8299999999999
1795.778
1804.5250000000001
1799.5820000000001
1800.6400000000001
1795.7460000000001
1803.038
1802.855
1796.2539999999999
1794.3889999999999
1808.8240000000001
1797.6590000000001
1796.319
1800.8889999999999
1795.3199999999999
1802.635
1790.4849999999999
1804.423
1794.2550000000001
1796.2080000000001
1782.692
1781.2560000000001
1789.4659999999999
1789.0650000000001
1780.4000000000001
1785.328
1794.634
1783.347
1784.6659999999999
1785.528
1772.828
1790.7570000000001
1787.681
1791.4159999999999
1787.644
1791.2190000000001
1790.8599999999999
1775.078
1792.825
1775.8520000000001
1793.7639999999999
1786.442
1801.105
1789.1700000000001
1783.078
1800.5709999999999
1792.248
1797.4870000000001
1789.979
1803.453
1794.8869999999999
1793.0550000000001
1792.1610000000001
1782.902
1797.8240000000001
1795.8710000000001
1792.309
1790.7819999999999
1793.193
1790.558
1796.0699999999999
1781.5719999999999
1796.3330000000001
1789.8109999999999
1780.6279999999999
1789.027
1915.4960000000001
2166.0859999999998
2197.1469999999999
2262.1399999999999
2276.4679999999998
2284.6959999999999
2262.9389999999999
2273.6219999999998
2261.52
2253.598
2236.953
2242.3719999999998
2242.165
1965.777
1796.434
1788.3119999999999
1732.645
1521.345
1582.106
1413.1179999999999
1391.796
1398.7560000000001
1399.058
1397.4359999999999
1389.627
1397.365
1396.431
1387.9480000000001
1384.4269999999999
1386.1880000000001
1281.9760000000001
1126.7950000000001
1106.375
1099.25
1090.5630000000001
1075.443
1079.5170000000001
1086.596
1082.636
1091.809
1088.8689999999999
1087.1890000000001
1088.105
1083.386
1086.2470000000001
1088.615
1084.3489999999999
1082.2149999999999
