1134.741
1136.252
1132.176
1127.558
1222.423
1306.318
1303.234
1299.013
1295.992
1296.022
1300.462
1259.829
1146.038
1140.350
1117.509
1285.903
1143.827
1135.108
1134.145
1126.795
1130.373
1130.222
1127.928
1134.352
1132.729
1133.654
1126.260
1118.801
1127.130
1153.374
1135.797
1133.118
1266.538
1203.437
1201.846
1212.266
1190.324
1130.571
1208.447
1212.985
1196.207
1207.207
1200.906
1196.994
1196.039
1190.206
1195.915
1192.889
1193.824
1191.727
1153.394
1124.773
1225.346
1201.735
1191.911
1195.439
1201.308
1201.732
1201.704
1194.583
1122.971
1128.759
1243.392
1213.537
1206.428
1202.631
1204.245
1208.401
1196.651
1220.771
1207.103
1224.436
1222.101
1145.495
1135.436
1138.196
1265.869
1233.192
1230.744
1209.265
1214.335
1225.522
1206.157
1181.966
1196.148
1210.176
1197.126
1127.567
1110.216
1183.788
1205.674
1201.112
1195.520
1203.976
1233.064
1234.533
1225.131
1224.708
1217.474
1125.567
1128.998
1136.786
1317.977
1221.664
1237.335
1214.016
1209.411
1230.012
1193.019
1203.395
1213.861
1210.342
1208.683
1209.007
1126.524
1143.148
1339.344
1229.818
1237.354
1240.972
1269.926
1253.175
1246.607
1227.152
1268.024
1236.675
1239.007
1251.751
1152.742
1145.814
1148.681
1357.080
1231.191
1251.941
1243.888
1243.760
1250.512
1253.187
1239.044
1229.853
1134.241
1139.467
1345.073
1252.962
1238.420
1248.890
1248.385
1223.506
1254.258
1240.257
1239.483
1234.865
1237.654
1132.976
1127.498
1139.408
1234.130
1235.134
1243.385
1242.379
1231.682
1243.529
1239.345
1241.295
1241.529
1237.063
1124.306
1129.486
1130.048
1323.985
1228.593
1233.290
1255.745
1253.357
1266.858
1259.964
1252.816
1242.112
1257.290
1131.641
1140.025
1141.005
1370.100
1259.697
1248.734
1274.996
1267.427
1271.920
1257.762
1278.462
1133.997
1125.112
1133.756
1354.675
1254.589
1251.735
1269.252
1278.242
1255.564
1264.410
1266.740
1260.197
1271.403
1265.739
1129.803
1122.184
1143.769
1353.340
1278.186
1271.037
1291.059
1278.553
1187.817
1284.745
1280.851
1280.371
1257.080
1267.788
1267.308
1273.087
1276.096
1129.875
1130.713
1136.127
1327.288
1285.964
1280.870
1287.840
1291.357
1282.698
1299.123
1316.290
1282.876
1281.988
1304.220
1300.281
1294.350
1147.426
1143.951
1139.113
1367.026
1318.624
1324.506
1313.786
1322.345
1301.861
1292.747
1329.492
1303.823
1297.446
1291.224
1285.090
1121.241
1127.282
1358.472
1314.438
1298.754
1326.080
1318.685
1324.010
1334.950
1317.487
1306.225
1302.310
1309.646
1269.322
1133.519
1139.665
1137.123
1372.868
1333.056
1313.844
1328.950
1313.182
1322.144
1323.822
1318.104
1339.467
1327.605
1284.071
1134.990
1138.723
1144.900
1395.046
1332.963
1319.545
1326.109
1314.934
1316.923
1333.474
1324.158
1322.928
1326.392
1312.272
1310.476
1268.406
1142.015
1145.092
1162.197
1386.494
1320.032
1319.109
1327.206
1332.819
1324.876
1325.919
1325.118
1316.190
1329.712
1323.965
1332.091
1257.554
1151.704
1143.995
1331.317
1315.550
1329.490
1324.595
1321.566
1311.790
1324.780
1321.537
1269.825
1139.026
1139.432
1396.820
1311.033
1310.649
1320.987
1321.447
1318.091
1337.079
1321.003
1311.997
1310.857
1316.495
1339.345
1142.052
1145.174
1162.099
1316.280
1327.891
1322.534
1307.899
1318.185
1321.181
1317.021
1327.535
1285.467
1140.534
1138.739
1163.637
1395.169
1325.663
1346.138
1331.412
1312.589
1317.641
1315.872
1314.231
1318.400
1281.865
1133.243
1141.255
1396.708
1316.237
1334.358
1345.724
1320.391
1296.404
1343.281
1327.061
1340.291
1331.608
1146.929
1142.073
1145.308
1378.057
1324.908
1318.131
1329.557
1317.755
1322.438
1324.844
1331.222
1333.212
1323.790
1330.950
1147.079
1144.443
1144.153
1326.396
1319.157
1318.623
1336.106
1292.661
1318.168
1317.235
1325.520
1314.770
