1109.8589999999999
1292.3219999999999
1311.8320000000001
1298.8320000000001
1301.902
1298.635
1293.644
1291.6400000000001
1302.4949999999999
1304.895
1313.952
1309.7329999999999
1283.828
1154.4580000000001
1149.7349999999999
1134.636
1576.4570000000001
1608.037
1625.0899999999999
1652.4649999999999
1651.8430000000001
1652.6880000000001
1637.347
1632.652
1627.624
1616.229
1547.768
1136.2070000000001
1131.251
1132.3219999999999
1126.067
1168.079
1161.5630000000001
1163.047
1137.0650000000001
1140.3050000000001
1244.1579999999999
1187.3610000000001
1182.9849999999999
1186.6489999999999
1181.3
1181.6389999999999
1139.2429999999999
1162.7249999999999
1288.4059999999999
1181.5920000000001
1176.1320000000001
1190.5170000000001
1177.8499999999999
1148.0509999999999
1150.7470000000001
1156.7
1254.694
1197.3330000000001
1209.0319999999999
1211.415
1205.9010000000001
1207.019
1204.703
1205.2629999999999
1211.501
1210.221
1219.674
1220.3620000000001
1194.653
1133.0050000000001
1147.402
1301.604
1222.615
1223.4290000000001
1230.932
1227.223
1236.5709999999999
1236.412
1242.1600000000001
1243.4359999999999
1235.662
1240.864
1141.3979999999999
1135.636
1129.2360000000001
1239.0530000000001
1247.8520000000001
1247.463
1240.8499999999999
1248.0419999999999
1274.075
1271.1379999999999
1263.04
1265.383
1228.6510000000001
1116.0440000000001
1124.415
1132.3989999999999
1326.2550000000001
1273.2650000000001
1264.77
1273.663
1290.5170000000001
1287.991
1285.787
1294.9169999999999
1293.624
1294.271
1278.8099999999999
1123.356
1120.492
1352.366
1297.6379999999999
1303.4159999999999
1312.8720000000001
1307.048
1296.8900000000001
1309.0909999999999
1306.104
1323.8389999999999
1326.672
1315.5419999999999
1124.9949999999999
1185.2190000000001
1338.374
1308.817
1295.345
1286.25
1293.4939999999999
1289.6959999999999
1298.4380000000001
1298.4000000000001
1590.895
1777.287
1830.0920000000001
1757.8510000000001
1646.492
1644.2729999999999
1705.8589999999999
1848.991
1810.8320000000001
1802.424
1810.6980000000001
1452.7380000000001
1296.213
1300.1389999999999
1312.539
1318.721
1306.24
1205.6990000000001
1122.194
1122.6510000000001
1216.693
1362.3109999999999
1335.768
1317.481
1329.2149999999999
1306.9960000000001
1304.4480000000001
1304.674
1301.78
1297.597
1314.8030000000001
1326.3679999999999
1230.1469999999999
1126.9649999999999
1128.836
1228.75
1319.768
1310.809
1316.4059999999999
1322.4829999999999
1311.817
1323.0820000000001
1311.335
1304.7940000000001
1309.6389999999999
1318.0329999999999
1334.241
1195.2809999999999
1126.768
1118.3989999999999
1239.3710000000001
1352.366
1311.8299999999999
1312.742
1321.6790000000001
1320.0260000000001
1300.136
1311.2280000000001
1304.521
1326.0840000000001
1320.347
1315.807
1307.155
1155.51
1119.527
1118.6320000000001
1270.223
1309.867
1301.7860000000001
1293.847
1309.461
1303.6590000000001
1310.711
1300.829
1312.8869999999999
1318.1030000000001
1323.2260000000001
1313.9659999999999
1161.095
1118.3219999999999
1120.0409999999999
1249.6769999999999
1302.395
1320.23
1295.0250000000001
1315.7670000000001
1314.1179999999999
1321.421
1306.836
1320.4580000000001
1319.6569999999999
1317.0429999999999
1317.5999999999999
1320.903
1161.4949999999999
1124.7809999999999
1245.125
1338.6949999999999
1316.7280000000001
1322.3299999999999
1336.663
1315.0419999999999
1315.979
1315.675
1332.627
1324.9559999999999
1312.943
1324.001
1312.7370000000001
1172.78
1122.6600000000001
1119.835
1235.508
1368.106
1310.6210000000001
1354.3119999999999
1714.1199999999999
1770.838
1813.7719999999999
1854.8610000000001
1862.0039999999999
1874.117
1860.4580000000001
1857.567
1833.8630000000001
1694.836
1604.22
1611.6479999999999
1341.2090000000001
1335.838
1313.347
1339.057
1267.1690000000001
1129.8050000000001
1309.3130000000001
1323.944
1322.415
1322.826
1343.7260000000001
1340.4929999999999
1306.373
1335.771
1319.279
1319.252
1308.915
1331.28
1304.3109999999999
1132.2080000000001
1135.0989999999999
1130.307
1327.558
1306.1479999999999
1329.482
1328.729
1330.7929999999999
1325.8679999999999
1323.9469999999999
1327.0550000000001
1319.521
1340.0029999999999
1329.1859999999999
1330.067
1322.0350000000001
1134.713
1124.7270000000001
1136.7619999999999
1306.798
1342.0070000000001
1331.521
1304.973
1345.0139999999999
1335.1199999999999
1312.694
1321.9100000000001
1329.0429999999999
1322.2860000000001
1310.5039999999999
1312.7819999999999
1289.528
1108.127
1119.3019999999999
1118.1389999999999
1301.2180000000001
1318.326
1308.7059999999999
1306.0050000000001
1307.963
1293.9580000000001
1301.45
1315.8140000000001
1293.952
1305.1179999999999
1316.933
1272.124
1107.8240000000001
1121.425
1116.1980000000001
1350.857
1338.04
1317.1880000000001
1325.954
1321.8900000000001
1306.1279999999999
1327.6479999999999
1308.4380000000001
1308.8920000000001
1327.1510000000001
1251.914
1113.3689999999999
1124.0139999999999
1137.2170000000001
1333.356
1319.2570000000001
1319.586
1306.567
1328.8040000000001
1329.079
1313.6289999999999
1325.5139999999999
1337.0509999999999
1307.981
1298.1220000000001
1323.02
1241.7270000000001
1121.6980000000001
1126.3309999999999
1143.7370000000001
1351.951
1307.432
1295.6869999999999
1461.6389999999999
1702.2940000000001
1767.566
1805.953
1834.78
1853.721
1851.289
1841.171
1755.9659999999999
1617.877
1606.787
1641.519
1834.605
1504.3620000000001
1321.4480000000001
1300.0419999999999
1308.5050000000001
1326.7190000000001
1342.481
1311.3779999999999
1448.1410000000001
1533.78
1496.518
1514.6300000000001
1488.8150000000001
1506.902
1510.47
1489.098
1488.8430000000001
1471.864
1468.52
1468.739
1363.181
1316.8130000000001
1313.7860000000001
1406.3009999999999
1469.6310000000001
1449.316
1463.846
1460.739
1460.6310000000001
1461.55
1455.817
1454.2429999999999
1454.106
1474.046
1442.1300000000001
1444.405
1364.0329999999999
1374.9110000000001
1459.3330000000001
1473.3230000000001
1447.0719999999999
1443.884
1443.6289999999999
1457.845
1455.075
1448.269
1456.6579999999999
1465.5409999999999
1451.6289999999999
1476.1110000000001
1485.172
1414.8599999999999
1431.8510000000001
1394.1569999999999
1382.2940000000001
1387.403
1389.9770000000001
1379.797
1382.7570000000001
1381.385
1387.633
1365.7249999999999
1359.29
1354.318
1345.922
1354.519
1363.1089999999999
1361.0250000000001
1349.1959999999999
1344.8019999999999
1362.3209999999999
1366.0060000000001
1350.7460000000001
1358.117
1387.386
1362.673
1389.9000000000001
1367.1220000000001
1367.539
1385.3879999999999
1354.24
1380.925
1361.972
1335.4960000000001
1304.9749999999999
1310.6189999999999
1408.625
1429.538
1439.0889999999999
1444.077
1437.2190000000001
1433.3340000000001
1426.277
1434.0350000000001
1434.3040000000001
1426.335
1412.45
1435.566
1410.807
1441.2550000000001
1381.5309999999999
1390.567
1400.875
1747.0229999999999
1765.4159999999999
1804.8299999999999
1825.6300000000001
1848.606
1858.1089999999999
1838.8009999999999
1838.087
1821.9380000000001
1822.193
1825.518
1816.2840000000001
1808.539
1412.4390000000001
1362.866
1360.598
1362.183
1373.606
1374.116
1355.665
1368.473
1376.115
1368.951
1373.3299999999999
1357.268
1352.4659999999999
1371.453
1362.6510000000001
1371.096
1357.462
1353.0150000000001
1355.8989999999999
1363.49
1363.4839999999999
1366.683
1355.4010000000001
1354.3900000000001
1353.569
1367.7460000000001
1371.9749999999999
1368.568
1374.6800000000001
1366.7070000000001
1356.6510000000001
1356.944
1362.1110000000001
1361.645
1363.356
1348.6020000000001
1346.8630000000001
1356.7470000000001
1351.377
1350.46
1342.261
1350.7550000000001
1355.462
1353.9860000000001
1349.154
1345.2070000000001
1341.251
1356.365
1355.6310000000001
1352.6489999999999
1347.8589999999999
1344.0619999999999
1349.979
1349.914
1351.2919999999999
1356.5540000000001
1351.415
1488.9860000000001
1445.615
1388.7739999999999
1388.2629999999999
1383.8589999999999
1379.2059999999999
1385.883
1383.2539999999999
1387.579
1388.732
1380.9069999999999
1385.7950000000001
1386.8689999999999
1397.288
1389.5889999999999
1390.748
1382.1780000000001
1386.192
1392.1210000000001
1384.6900000000001
1310.2750000000001
1299.095
1358.4469999999999
1350.5699999999999
1357.998
1348.797
1394.482
1430.2829999999999
1445.7750000000001
1470.885
1487.4059999999999
1435.3499999999999
1413.537
1423.3869999999999
1424.4659999999999
1425.855
1420.403
1421.0640000000001
1424.204
1422.278
1420.8789999999999
1409.0170000000001
1414.0070000000001
1633.1990000000001
1792.7429999999999
1835.5150000000001
1858.5119999999999
1800.3969999999999
1885.9110000000001
2019.2239999999999
1985.877
1974.46
1980.1869999999999
1966.432
1967.2470000000001
1983.192
1857.1279999999999
1475.6769999999999
1478.0139999999999
1475.7059999999999
1473.559
1470.461
1470.8440000000001
1485.9760000000001
1489.5540000000001
1356.8499999999999
1435.2360000000001
1426.634
1401.155
1240.9000000000001
1137.3900000000001
1276.587
1213.7919999999999
1219.931
1232
1237.6990000000001
1238.6800000000001
1240.088
1235.231
1241.8240000000001
1242.0419999999999
1237.0360000000001
1240.991
1241.2850000000001
1154.7270000000001
1148.0329999999999
1140.8009999999999
1306.454
1255.1600000000001
1252.864
1263.0909999999999
1263.0160000000001
1259.664
1258.7470000000001
1262.692
1268.2729999999999
1267.3109999999999
1255.6600000000001
1265.855
1239.1189999999999
1129.597
1132.191
1132.8579999999999
1308.6300000000001
1275.569
1254.191
1273.413
1282.029
1288.2950000000001
1288.8320000000001
1291.2940000000001
1276.8430000000001
1275.088
1293.3440000000001
1299.575
1285.6759999999999
1135.482
1133.346
1126.675
1344.4749999999999
1310.7190000000001
1282.817
1290.403
1288.826
1306.3130000000001
1299.5260000000001
1314.2349999999999
1312.1959999999999
1299.1559999999999
1305.181
1313.6030000000001
1283.662
1126.0239999999999
1123.2660000000001
1110.0260000000001
1356.1289999999999
1296.903
1309.559
1298.9280000000001
1304.296
1297.1990000000001
1302.3510000000001
1301.172
1307.4590000000001
1315.1949999999999
1315.664
1303.7529999999999
1261.6120000000001
1105.633
1110.817
1116.2909999999999
1355.2360000000001
1295.672
1306.048
1328.479
1314.2840000000001
1344.886
1346.4190000000001
1334.9079999999999
1336.549
1329.9829999999999
1316.395
1281.8420000000001
1145.059
1143.4300000000001
1359.8620000000001
1486.703
1694.1590000000001
1744.653
1815.9480000000001
1841.269
1866.7149999999999
1861.425
1868.9269999999999
1871.3630000000001
1859.1669999999999
1847.1800000000001
1742.4549999999999
1600.5740000000001
1599
1263.422
1391.9849999999999
1313.261
1345.963
1347.8150000000001
1338.875
1323.971
1332.114
1344.134
1342.778
1338.529
1322.385
1343.8240000000001
1250.1949999999999
1131.6489999999999
1167.921
1369.914
1351.7239999999999
1353.009
1342.066
1330.4469999999999
1329.423
1333.1420000000001
1329.1659999999999
1335.5899999999999
1334.4860000000001
1349.2470000000001
1129.018
1125.8199999999999
1171.4639999999999
1368.694
1323.8599999999999
1334.5809999999999
1338.538
1326.6410000000001
1332.394
1330.4010000000001
1334.5699999999999
1321.184
1335.1869999999999
1319.3599999999999
1316.2909999999999
1215.444
1151.895
1575.847
1525.1980000000001
1514.0889999999999
1505.277
1512.9649999999999
1515.2650000000001
1516.644
1471.338
1500.2170000000001
1490.3869999999999
1486.9880000000001
1469.6120000000001
1306.047
1305.683
1300.0419999999999
1455.5809999999999
1456.7909999999999
1444.943
1461.143
1447.1800000000001
1441.0419999999999
1442.4269999999999
1464.691
1441.867
1440.115
1439.1300000000001
1297.0160000000001
1306.1479999999999
1303.396
1449.3219999999999
1453.039
1421.6759999999999
1458.239
1461.876
1463.279
1474.2739999999999
1457.192
1438.7629999999999
1453.7170000000001
1438.309
1454.8109999999999
1442.8610000000001
1415.635
1439.7539999999999
1438.684
1406.749
1389.7239999999999
1387.673
1379.338
1385.857
1387.7570000000001
1385.8489999999999
1381.143
1374.943
1464.8800000000001
1802.3820000000001
1830.9200000000001
1857.396
1868.7429999999999
1895.758
1911.1959999999999
1871.731
1856.5170000000001
1889.5899999999999
1835.5160000000001
1550.1659999999999
1374.579
1397.7439999999999
1408.463
1387.7819999999999
1433.97
1312.069
1367.2380000000001
1453.653
1462.5409999999999
1443.3030000000001
1440.6500000000001
1460.6679999999999
1454.691
1440.3109999999999
1448.547
1462.7639999999999
1443.606
1439.9280000000001
1465.9839999999999
1437.366
1439.655
1411.432
1390.1980000000001
1403.53
1410.49
1402.9939999999999
1386.26
1377.2
1392.0350000000001
1401.5050000000001
1394.9369999999999
1382.4069999999999
1377.098
1376.663
1364.364
1368.4680000000001
1387.241
1365.4269999999999
1366.913
1365.5999999999999
1392.586
1367.7719999999999
1368.9010000000001
1390.5619999999999
1397.6199999999999
1364.002
1379.742
1383.069
1366.472
1395.8209999999999
1350.2729999999999
1353.288
1147.3150000000001
1105.7570000000001
1110.3440000000001
1114.857
1150.1949999999999
1288.6600000000001
1246.069
1191.3299999999999
1106.0150000000001
1166.732
1271.3299999999999
1254.9680000000001
1187.751
1107.4100000000001
1111.3399999999999
1179.6220000000001
1261.1959999999999
1233.297
1180.864
1118.441
1120.605
1174.172
1268.605
1253.1410000000001
1178.3430000000001
1117.6690000000001
1105.182
1191.0550000000001
1264.923
1592.308
1427.239
1432.9010000000001
1437.078
1435.731
1431.796
1442.3330000000001
1436.739
1433.6199999999999
1432.8699999999999
1283.183
1118.817
1314.5129999999999
1242.8599999999999
1238.277
1227.527
1247.0519999999999
1244.578
1248.068
1257.2139999999999
1243.5229999999999
1253.038
1240.047
1243.0989999999999
1248.498
1349.4839999999999
1508.4059999999999
1549.2940000000001
1785.8489999999999
1768.01
1802.2090000000001
1789.587
1759.318
1769.6300000000001
1758.191
1760.7280000000001
1335.973
1231.1890000000001
1130.0940000000001
1129.126
1130.662
1270.0419999999999
1264.049
1274.0429999999999
1288.933
1272.0989999999999
1245.857
1282.903
1268.318
1244.414
1256.5150000000001
1242.3900000000001
1215.857
1100.1869999999999
1106.8969999999999
1113.087
1314.241
1237.808
1240.4369999999999
1266.0709999999999
1268.066
1266.2619999999999
1295.1590000000001
1267.115
1290.3610000000001
1272.5989999999999
1276.8320000000001
1229.6559999999999
1098.9059999999999
1102.3030000000001
1123.636
1327.0119999999999
1278.7470000000001
1257.4970000000001
1288.5940000000001
1269.259
1261.146
1294.4459999999999
1283.0440000000001
1297.5319999999999
1302.518
1219.8309999999999
1105.3820000000001
1095.7070000000001
1121.2570000000001
1326.8440000000001
1303.1690000000001
1288.49
1268.6310000000001
1289.6220000000001
1295.9259999999999
1293.7260000000001
1290.5930000000001
1294.5070000000001
1277.249
1292.7249999999999
1286.509
1220.711
1088.9649999999999
1082.9949999999999
1127.076
1303.5599999999999
1309.241
1287.6369999999999
1303.2249999999999
1297.614
1286.6579999999999
1305.0609999999999
1284.537
1285.248
1288.5070000000001
1301.893
1279.143
1199.403
1089.117
1089.5309999999999
1136.6949999999999
1341.8440000000001
1301.992
1292.607
1279.385
1292.2439999999999
1289.95
1293.203
1287.8209999999999
1316.201
1312.2819999999999
1331.7090000000001
1198.394
1093.2860000000001
1084.348
1156.6800000000001
1325.5899999999999
1321.8779999999999
1318.9839999999999
1302.8109999999999
1303.7049999999999
1314.8979999999999
1328.472
1275.1790000000001
1317.4839999999999
1309.9369999999999
1310.5719999999999
1393.654
1328.095
1288.799
1464.2760000000001
1500.221
1492.9200000000001
1478.296
1487.1030000000001
1476.4559999999999
1470.3320000000001
1476.6990000000001
1458.8900000000001
1454.509
1439.569
1462.7049999999999
1438.558
1275.521
1280.6769999999999
1461.4829999999999
1460.009
1439.1790000000001
1450.509
1428.9570000000001
1434.3130000000001
1437.2370000000001
1432.0360000000001
1423.2529999999999
1413.748
1433.4549999999999
1451.2329999999999
1341.999
1272.078
1272.127
1416.741
1461.682
1436.287
1418.463
1427.8399999999999
1427.3510000000001
1433.1869999999999
1423.011
1431.893
1436.1510000000001
1443.471
1411.3820000000001
1424.183
1427.442
1415.1479999999999
1377.008
1363.806
1365.1389999999999
1343.845
1358.78
1354.942
1345.5809999999999
1338.53
1328.7719999999999
1330.7950000000001
1339.0329999999999
1341.241
1345.7339999999999
1336.1110000000001
1334.905
1340.586
1355.6010000000001
1338.1400000000001
1331.0170000000001
1353.7570000000001
1357.287
1344.558
1355.703
1352.712
1346.625
1366.277
1344.3869999999999
1368.9829999999999
1355.1869999999999
1346.038
1353.2729999999999
1343.4849999999999
1355.279
1352.385
1346.761
1338.1780000000001
1338.6030000000001
1345.259
1331.992
1334.0989999999999
1332.0719999999999
1346.4770000000001
1326.71
1340.7439999999999
1329.7539999999999
1339.6659999999999
1332.057
1338.085
1332.53
1338.588
1336.4200000000001
1338.4949999999999
1334.0170000000001
1341.6510000000001
1329.2270000000001
1337.2950000000001
1325.7329999999999
1324.5239999999999
1321.383
1336.7370000000001
1324.28
1332.4639999999999
1312.672
1332.077
1329.248
1328.0930000000001
1323.8579999999999
1315.1030000000001
1417.838
1474.125
1374.8710000000001
1529.7529999999999
1674.414
1707.759
1734.4380000000001
1780.4169999999999
1809.7550000000001
1860.491
1865.3720000000001
1851.3040000000001
1848.4939999999999
1837.8610000000001
1846.4010000000001
1841.0039999999999
1832.7829999999999
1829.384
1802.7270000000001
1617.2850000000001
1329.3779999999999
1352.2560000000001
1343.9459999999999
1330.3430000000001
1275.038
1219.038
1342.0260000000001
1439.9300000000001
1437.79
1473.309
1498.952
1440.5889999999999
1442.7139999999999
1429.3579999999999
1439.337
1433.527
1440.8340000000001
1445.6079999999999
1435.7070000000001
1437.0050000000001
1438.193
1441.4490000000001
1449.4739999999999
1440.037
1445.105
1429.855
1443.4639999999999
1448.0139999999999
1437.5940000000001
1431.5219999999999
1417.999
1425.4649999999999
1430.826
1421.6859999999999
1422.2370000000001
1349.0650000000001
1336.395
1484.2940000000001
1548.79
1530.3219999999999
1549.1859999999999
1508.7260000000001
1454.4829999999999
1454.761
1447.634
1454.7090000000001
1452.932
1448.99
1451.098
1446.5609999999999
1451.8019999999999
1454.4300000000001
1450.0740000000001
1443.028
1452.394
1452.509
1455.7819999999999
1457.0139999999999
1449.963
1544.9449999999999
1650.51
1683.0509999999999
1707.046
1737.2829999999999
1759.106
1793.2349999999999
1832.7239999999999
1858.181
1891.4880000000001
1782.8499999999999
1645.079
1640.8779999999999
1648.5640000000001
1652.396
1654.857
1642.9169999999999
1638.3979999999999
1630.2090000000001
1639.6489999999999
1628.761
1635.028
1617.27
1603.9359999999999
1608.6279999999999
1617.877
1615.1669999999999
1615.075
1615.0989999999999
1612.9190000000001
1612.066
1600.9449999999999
1610.4169999999999
1608.1220000000001
1610.7940000000001
1606.8040000000001
1603.8889999999999
1603.2929999999999
1597.3920000000001
1616.5429999999999
1627.6980000000001
1664.4780000000001
1683.2070000000001
1685.9380000000001
1691.3869999999999
1694.9179999999999
1703.9159999999999
1705.066
1709.6559999999999
1712.8040000000001
1715.4570000000001
1714.835
1725.143
1730.3620000000001
1736.635
1740.48
1737.857
1756.6310000000001
1762.299
1768.241
1770.8520000000001
1764.204
1776.153
1786.796
1791.675
1796.779
1802.3920000000001
1798.3019999999999
1806.6790000000001
1822.24
1817.087
1821.2059999999999
1827.095
1831.9829999999999
1832.3499999999999
1833.944
1850.3399999999999
1841.461
1770.951
1772.492
1769.9960000000001
1775.5429999999999
1779.6900000000001
1774.056
1772.2850000000001
1774.607
1769.9349999999999
1764.982
1768.028
1769.5909999999999
1779.018
1773.116
1842.5940000000001
2078.518
2112.0360000000001
2149.0050000000001
2190.0749999999998
2213.7930000000001
2258.4699999999998
2266.748
2265.348
2245.288
2228.3629999999998
2243.8470000000002
2254.0140000000001
2237.7170000000001
2215.806
2231.252
2226.7240000000002
1975.7819999999999
1764.2360000000001
1780.29
1767.2619999999999
1774.2180000000001
1769.1210000000001
1765.4179999999999
1767.548
1767.671
1768.5799999999999
1767.8330000000001
1765.067
1762.729
1753.8720000000001
1761.472
1765.211
1766.8789999999999
1763.4300000000001
1755.1400000000001
1771.299
1767.162
1759.1880000000001
1761.5630000000001
1750.4100000000001
1764.587
1758.434
1761.2429999999999
1755.395
1738.9459999999999
1754.146
1747.77
1743.0899999999999
1737.3689999999999
1740.8910000000001
1742.1020000000001
1743.1759999999999
1739.1769999999999
1738.8440000000001
1736.5999999999999
1753.1559999999999
1742.0650000000001
1738.143
1733.8579999999999
1729.3399999999999
1740.5070000000001
1740.6790000000001
1734.615
1736.4259999999999
1734.521
1726.8520000000001
1738.6089999999999
1739.991
1736.4200000000001
1729.165
1721.1130000000001
1727.9949999999999
1732.249
1732.8230000000001
1729.067
1724.3699999999999
1731.6980000000001
1734.8969999999999
1725.9459999999999
1728.3430000000001
1730.722
1726.5540000000001
1721.8620000000001
1724.307
1724.5409999999999
1731.0650000000001
1724.0730000000001
1738.7
1745.097
1741.952
1738.2919999999999
1730.2660000000001
1739.0989999999999
1740.9369999999999
1729.7829999999999
1736.3219999999999
1738.133
1735.0039999999999
1729.644
1730.3989999999999
1737.9290000000001
1744.0899999999999
1743.5260000000001
1734.2539999999999
1738.5930000000001
1744.6300000000001
1741.069
1744.0719999999999
1730.0820000000001
1737.0799999999999
1740.2
1734.067
1738.1610000000001
1731.308
1737.3599999999999
1744.7570000000001
1739.8199999999999
1735.7139999999999
1741.4770000000001
1741.865
1729.067
1749.0609999999999
1736.989
1738.5840000000001
1739.348
1727.0509999999999
1737.653
1736.3130000000001
1732.5619999999999
1738.8040000000001
1719.537
1736.1099999999999
1734.6489999999999
1725.1310000000001
1730.347
1735.5940000000001
1733.741
1732.1869999999999
1727.9259999999999
1722.27
1726.3119999999999
1727.0820000000001
1729.9280000000001
1720.665
1724.1679999999999
1722.8130000000001
1735.933
1721.866
1754.7439999999999
2012.1669999999999
2071.2240000000002
2113.9839999999999
2149.9050000000002
2181.3069999999998
2217.538
2207.9189999999999
2235.5390000000002
2223.645
2205.9099999999999
2200.971
2178.4650000000001
2183.4169999999999
2198.3870000000002
2191.7350000000001
2188.2829999999999
1876.5740000000001
1734.787
1726.4849999999999
1739.883
1746.8050000000001
1740.1669999999999
1741.3699999999999
1743.72
1743.6369999999999
1738.7809999999999
1736.8969999999999
1740.8030000000001
1738.184
1738.326
1739.73
1734.0940000000001
1742.511
1745.4269999999999
1744.7940000000001
1740.558
1744.6199999999999
1740.703
1742.0260000000001
1738.7809999999999
1741.876
1748.056
1731.1300000000001
1723.902
1722.809
1709.5060000000001
1732.9069999999999
1725.8420000000001
1723.9780000000001
1726.152
1722.2619999999999
1719.0820000000001
1727.7919999999999
1725.8030000000001
1726.7760000000001
1722.0450000000001
1719.115
1723.0820000000001
1727.711
1724.287
1724.3889999999999
1724.432
1727.7919999999999
1728.5060000000001
1727.3050000000001
1726.28
1720.0519999999999
1737.588
1730.9290000000001
1731.5219999999999
1731.904
1735.854
1731.5350000000001
1727.963
1727.3119999999999
1723.645
1715.5920000000001
1709.7190000000001
1715.4870000000001
1714.443
1724.787
1717.6179999999999
1714.068
1718.2809999999999
1718.8299999999999
1715.1120000000001
1711.2329999999999
1708.039
1709.7840000000001
