1137.191
1133.3969999999999
1267.1880000000001
1319.395
1309.5820000000001
1305.761
1306.491
1312.749
1314.75
1304.5409999999999
1224.6780000000001
1158.3130000000001
1148.8810000000001
1308.4670000000001
1149.7909999999999
1140.183
1140.191
1216.6179999999999
1497.394
1562.4280000000001
1614.655
1666.3209999999999
1671.55
1663.7090000000001
1658.934
1643.9179999999999
1640.0630000000001
1637.9100000000001
1680.3989999999999
1428.6279999999999
1160.318
1145.683
1144.252
1307.5899999999999
1189.184
1198.2639999999999
1184.8030000000001
1192.4549999999999
1197.317
1188.0909999999999
1175.405
1136.922
1280.3030000000001
1192.53
1191.0820000000001
1190.318
1200.433
1200.3520000000001
1193.7919999999999
1197.8599999999999
1204.2449999999999
1205.7439999999999
1198.979
1200.7439999999999
1188.829
1161.722
1154.3520000000001
1206.1780000000001
1211.2860000000001
1198.962
1203.6479999999999
1198.3320000000001
1220.433
1203.9100000000001
1203.25
1140.568
1137.528
1135.7329999999999
1252.5930000000001
1214.8920000000001
1205.771
1200.675
1201.203
1205.53
1213.058
1204.6790000000001
1205.211
1202.2070000000001
1191.28
1219.6410000000001
1221.4670000000001
1156.271
1126.7850000000001
1255.5119999999999
1224.819
1235.241
1205.5699999999999
1216.3530000000001
1230.434
1223.3599999999999
1202.299
1234.0329999999999
1236.2819999999999
1215.097
1239.1199999999999
1227.213
1161.825
1129.95
1124.252
1249.8589999999999
1229.788
1252.7159999999999
1216.579
1216.672
1267.1869999999999
1243.999
1217.269
1245.8610000000001
1263.5229999999999
1243.0129999999999
1242.865
1264.1130000000001
1160.665
1139.2550000000001
1129.2539999999999
1232.5070000000001
1289.097
1275.8009999999999
1242.9849999999999
1265.0070000000001
1256.8399999999999
1257.1569999999999
1249.048
1295.836
1250.8219999999999
1243.6099999999999
1268.3219999999999
1272.848
1164.146
1137.0519999999999
1140.1780000000001
1290.818
1282.527
1294.847
1266.886
1280.72
1286.2909999999999
1316.7080000000001
1282.941
1272.127
1289.3299999999999
1299.4169999999999
1301.5050000000001
1284.125
1176.278
1141.8630000000001
1133.787
1294.5889999999999
1320.6610000000001
1306.829
1300.653
1296.9059999999999
1299.953
1304.8130000000001
1296.2049999999999
1298.885
1317.3050000000001
1303.1489999999999
1301.6469999999999
1280.3610000000001
1204.2809999999999
1369.703
1305.6369999999999
1310.931
1298.28
1278.828
1294.3030000000001
1299.998
1293.596
1287.376
1305.4069999999999
1300.0260000000001
1288.0239999999999
1230.8679999999999
1126.021
1124.702
1181.884
1375.1780000000001
1301.0820000000001
1294.05
1281.5509999999999
1301.759
1302.9829999999999
1299.606
1302.847
1299.578
1294.827
1300.3240000000001
1305.537
1210.048
1128.086
1128.895
1204.7349999999999
1370.941
1333.9860000000001
1330.6369999999999
1322.5809999999999
1318.135
1331.2149999999999
1322.5139999999999
1313.9090000000001
1328.0519999999999
1327.7940000000001
1328.0519999999999
1321.7080000000001
1226.769
1132.086
1135.721
1236.645
1376.54
1348.182
1330.5060000000001
1330.8009999999999
1329.001
1353.5440000000001
1346.258
1347.3520000000001
1349.5599999999999
1349.6210000000001
1345.9359999999999
1348.788
1198.789
1127.2449999999999
1132.7619999999999
1249.001
1394.3599999999999
1349.2339999999999
1347.6959999999999
1331.7
1341.6320000000001
1335.0899999999999
1360.0540000000001
1351.511
1318.683
1328.5889999999999
1332.2349999999999
1331.336
1201.78
1126.585
1124.2860000000001
1237.9179999999999
1391.1610000000001
1364.645
1347.5999999999999
1349.895
1352.6130000000001
1339.3620000000001
1348.3630000000001
1342.7460000000001
1331.0930000000001
1348.1310000000001
1348.2850000000001
1337.357
1199.0039999999999
1129.4590000000001
1123.7429999999999
1215.0070000000001
1403.5170000000001
1351.8050000000001
1345.191
1324.4490000000001
1348.278
1349.9760000000001
1344.489
1325.5940000000001
1341.0450000000001
1337.066
1207.9349999999999
1131.423
1207.521
1411.8140000000001
1352.819
1345.0889999999999
1349.7329999999999
1347.376
1330.626
1344.02
1335.9680000000001
1333.96
1355.2170000000001
1357.8409999999999
1212.6859999999999
1126.701
1133.2059999999999
1195.873
1433.329
1350.902
1354.683
1354.752
1369.0250000000001
1369.96
1378.367
1364.1769999999999
1370.598
1355.509
1366.8150000000001
1257.5
1139.5889999999999
1144.116
1198.7729999999999
1446.6189999999999
1358.2429999999999
1334.106
1358.2
1255.4870000000001
1125.2909999999999
1337.1510000000001
1329.7339999999999
1350.1369999999999
1337.481
1342.365
1347.317
1332.991
1345.018
1344.836
1335.538
1321.145
1106.3630000000001
1105.548
1392.787
1322.857
1357.0699999999999
1353.6030000000001
1360.252
1346.067
1359.6769999999999
1362.145
1352.604
1349.4829999999999
1366.4639999999999
1347.6400000000001
1348.835
1129.095
1119.9269999999999
1116.0889999999999
1389.385
1370.8140000000001
1359.1669999999999
1361.6790000000001
1342.424
1334.5219999999999
1359.288
1341.0260000000001
1359.5350000000001
1372.662
1352.241
1337.4269999999999
1349.684
1121.5509999999999
1121.0419999999999
1119.1769999999999
1352.6880000000001
1358.2190000000001
1373.059
1351.7950000000001
1341.992
1346.4010000000001
1342.079
1329.8689999999999
1345.2850000000001
1348.3630000000001
1347.162
1330.0119999999999
1117.075
1116.8299999999999
1121.02
1356.3699999999999
1367.329
1342.0260000000001
1358.9480000000001
1353.4259999999999
1362.808
1346.548
1363.703
1355.2449999999999
1348.1089999999999
1368.7159999999999
1125.625
1115.6120000000001
1105.9739999999999
1322.8320000000001
1360.806
1342.9010000000001
1340.1610000000001
1309.8489999999999
1315.711
1317.423
1323.575
1313.5360000000001
1319.171
1330.9939999999999
1324.288
1328.722
1120.5509999999999
1106.6389999999999
1115.2159999999999
1303.799
1369.3879999999999
1359.623
1363.6099999999999
1343.617
1350.7090000000001
1349.1769999999999
1346.7639999999999
1338.7280000000001
1355.847
1342.0709999999999
1329.806
1349.3989999999999
1136.194
1116.635
1122.5219999999999
1292.1769999999999
1363.9469999999999
1356.8779999999999
1352.886
1392.6189999999999
1404.885
1575.8889999999999
1534.934
1519.5119999999999
1516.7159999999999
1526.894
1520.6949999999999
1510.0630000000001
1512.0419999999999
1533.771
1478.9359999999999
1480.527
1280.03
1292.28
1352.45
1534.3920000000001
1491.846
1496.7550000000001
1500.2270000000001
1494.797
1482.0830000000001
1475.2819999999999
1478.3240000000001
1491.4100000000001
1477.163
1476.8209999999999
1399.3530000000001
1284.2829999999999
1275.7329999999999
1551.2660000000001
1509.01
1498.6769999999999
1511.3789999999999
1502.7090000000001
1476.0599999999999
1502.73
1522.212
1507.6389999999999
1504.3820000000001
1500.557
1499.3040000000001
1497.5840000000001
1479.702
1481.7159999999999
1458.923
1447.26
1442.0830000000001
1433.567
1449.173
1439.825
1448.701
1440.3789999999999
1411.876
1422.874
1409.702
1396.4269999999999
1425.5129999999999
1450.616
1420.0250000000001
1398.4549999999999
1392.3230000000001
1392.0309999999999
1373.1610000000001
1368.665
1369.0740000000001
1367.47
1366.4290000000001
1357.7940000000001
1369.809
1359.9739999999999
1349.223
1357.9860000000001
1354.6500000000001
1352.337
1198.9010000000001
1160.2180000000001
1360.921
1353.4400000000001
1353.029
1356.567
1344.125
1350.271
1351.4000000000001
1352.8109999999999
1355.4680000000001
1345.8630000000001
1347.579
1353.827
1355.7729999999999
1358.0820000000001
1345.248
1345.172
1347.2560000000001
1346.5129999999999
1346.4549999999999
1346.741
1343.702
1339.972
1336.626
1347.02
1349.6310000000001
1338.5930000000001
1343.759
1332.49
1339.7370000000001
1346.1210000000001
1344.789
1347.8979999999999
1336.5530000000001
1345.8019999999999
1349.682
1351.047
1335.8920000000001
1300.883
1393.271
1554.7639999999999
1404.6010000000001
1346.5840000000001
1344.999
1356.9280000000001
1355.4200000000001
1364.232
1355.836
1349.489
1357.633
1356.0519999999999
1357.818
1353.6279999999999
1350.7560000000001
1354.0609999999999
1359.396
1380.0360000000001
1372.9000000000001
1313.694
1298.5029999999999
1344.8309999999999
1358.546
1345.8800000000001
1349.3630000000001
1382.0350000000001
1442.519
1457.751
1486.2270000000001
1504.316
1538.2329999999999
1494.0530000000001
1438.222
1436.809
1440.5899999999999
1436.472
1437.559
1430.098
1434.058
1427.0519999999999
1438.258
1436.136
1437.883
1429.1890000000001
1432.971
1421.4549999999999
1430.855
1397.8820000000001
1320.4290000000001
1387.8320000000001
1516.1279999999999
1502.502
1517.3910000000001
1519.6010000000001
1531.414
1544.203
1552.6659999999999
1549.519
1472.1949999999999
1462.9829999999999
1473.646
1472.7809999999999
1465.3900000000001
1470.104
1461.9100000000001
1452.4449999999999
1458.046
1446.9159999999999
1452.694
1454.6020000000001
1454.6020000000001
1454.3900000000001
1456.377
1445.0519999999999
1456.6880000000001
1461.308
1460.068
1456.96
1570.394
1643.624
1665.6679999999999
1695.423
1713.5650000000001
1730.299
1753.9280000000001
1768.3900000000001
1804.5640000000001
1812.596
1834.1610000000001
1843.519
1884.028
1901.9469999999999
1926.9770000000001
1770.116
1650.8140000000001
1658.9949999999999
1663.9100000000001
1662.8530000000001
1660.7339999999999
1654.8689999999999
1652.8620000000001
1649.5050000000001
1656.1189999999999
1654.72
1648.731
1645.963
1639.8789999999999
1634.3430000000001
1643.0909999999999
1634.5450000000001
1637.2739999999999
1636.3689999999999
1630.796
1635.1880000000001
1629.7470000000001
1641.52
1637.931
1641.6690000000001
1634.444
1613.348
1323.5930000000001
1424.739
1423.433
1419.979
1424.5219999999999
1419.384
1416.4580000000001
1424.04
1421.376
1418.848
1404.76
1318.617
1143.143
1137.1389999999999
1299.182
1216.327
1201.5740000000001
1226.6310000000001
1206.7180000000001
1208.1900000000001
1212.625
1210.857
1200.5450000000001
1217.0619999999999
1195.0409999999999
1217.104
1193.3299999999999
1123.434
1123.9749999999999
1131.402
1288.21
1213.595
1220.8299999999999
1221.2449999999999
1220.6700000000001
1201.626
1215.674
1219.0119999999999
1222.7059999999999
1221.107
1221.462
1226.0060000000001
1190.8119999999999
1119.0350000000001
1122.232
1155.201
1307.902
1244.999
1224.807
1217.7180000000001
1240.8510000000001
1224.499
1236.6469999999999
1239.915
1239.7850000000001
1246.0360000000001
1233.8510000000001
1236.2380000000001
1205.492
1122.8009999999999
1118.4280000000001
1161.7080000000001
1333.4169999999999
1246.626
1232.896
1251.373
1268.1849999999999
1251.1859999999999
1257.893
1261.1849999999999
1257.442
1263.144
1262.7249999999999
1265.6759999999999
1199.135
1126.576
1120.075
1167.395
1339.934
1263.8099999999999
1263.8040000000001
1253.8900000000001
1267.0940000000001
1271.1559999999999
1278.2750000000001
1259.925
1256.1379999999999
1273.645
1279.018
1288.873
1178.075
1117.7739999999999
1117.431
1177.5519999999999
1362.0260000000001
1293.3869999999999
1264.9269999999999
1292.9839999999999
1284.3489999999999
1294.9670000000001
1290.575
1290.6980000000001
1276.0709999999999
1275.6559999999999
1287.6489999999999
1310.739
1184.51
1105.662
1106.9929999999999
1177.0889999999999
1357.367
1295.0029999999999
1295.1030000000001
1290
1305.4380000000001
1299.8869999999999
1312.269
1317.8879999999999
1314.4829999999999
1307.1559999999999
1312.2090000000001
1199.8589999999999
1115.4169999999999
1121.8219999999999
1200.809
1378.954
1334.5889999999999
1319.8989999999999
1316.548
1332.181
1342.1590000000001
1339.4179999999999
1330.377
1321.357
1335.3320000000001
1334.5830000000001
1335.9570000000001
1204.6410000000001
1107.3409999999999
1109.8330000000001
1205.9929999999999
1401.4200000000001
1342.52
1348.8910000000001
1337.29
1332.7470000000001
1324.279
1346.0899999999999
1343.5440000000001
1345.9259999999999
1343.692
1338.271
1181.848
1108.0930000000001
1110.0309999999999
1242.8209999999999
1401.46
1382.6479999999999
1363.1010000000001
1380.979
1354.47
1363.011
1373.165
1389.0039999999999
1384.0450000000001
1391.912
1382.7149999999999
1387.3820000000001
1119.569
1124.519
1284.6369999999999
1376.501
1362.6679999999999
1358.4659999999999
1346.819
1351.0450000000001
1356.499
1348.8499999999999
1352.854
1351.8209999999999
1357.492
1329.806
1169.0719999999999
1099.3699999999999
1102.539
1285.2090000000001
1376.5350000000001
1345.125
1341.6320000000001
1348.9169999999999
1341.442
1350.895
1360.2059999999999
1341.2639999999999
1341.675
1343.7909999999999
1339.8240000000001
1356.4860000000001
1144.653
1100.5820000000001
1098.386
1325.3920000000001
1362.9269999999999
1374.279
1353.24
1335.3030000000001
1365.9449999999999
1343.8900000000001
1352.989
1354.9069999999999
1338.953
1352.4939999999999
1344.346
1346.606
1124.585
1104.1079999999999
1105.287
1315.664
1369.5650000000001
1359.3910000000001
1363.1790000000001
1371.2149999999999
1351.212
1353.7470000000001
1373.98
1375.787
1376.383
1357.626
1373.1790000000001
1446.854
1611.5050000000001
1559.4970000000001
1545.335
1535.4349999999999
1551.627
1535.6199999999999
1528.7670000000001
1548.0809999999999
1536.6600000000001
1529.6479999999999
1528.4780000000001
1496.27
1378.2739999999999
1291.329
1283.5730000000001
1354.846
1535.4390000000001
1497.463
1503.7570000000001
1484.9690000000001
1494.6880000000001
1501.9169999999999
1481.287
1491.808
1500.5340000000001
1492.502
1483.998
1500.537
1373.2139999999999
1288.6189999999999
1282.231
1433.269
1545.5730000000001
1529.5619999999999
1527.817
1505.702
1496.5530000000001
1502.9280000000001
1510.1279999999999
1512.7570000000001
1512.963
1503.7660000000001
1502.1079999999999
1504.2809999999999
1477.605
1494.8019999999999
1440.723
1473.328
1454.8520000000001
1476.654
1444.575
1412.1969999999999
1439.6220000000001
1435.5419999999999
1419.4760000000001
1430.1990000000001
1407.6569999999999
1413.4469999999999
1389.5429999999999
1386.941
1382.4929999999999
1372.6700000000001
1368.1500000000001
1363.0650000000001
1363.492
1358.0139999999999
1357.8679999999999
1357.4069999999999
1365.5830000000001
1359.2570000000001
1352.383
1348.2439999999999
1353.5989999999999
1364.2929999999999
1350.9929999999999
1360.6010000000001
1358.49
1359.028
1341.923
1353.8019999999999
1336.8209999999999
1347.6099999999999
1350.153
1348.182
1343.74
1341.49
1330.943
1337.2449999999999
1344.0519999999999
1338.1959999999999
1353.038
1344.5139999999999
1346.2809999999999
1331.4680000000001
1349.374
1336.009
1352.248
1351.0029999999999
1349.825
1349.3910000000001
1346.3620000000001
1340.1579999999999
1350.623
1352.261
1349.662
1352.8520000000001
1345.2919999999999
1343.579
1350.508
1343.319
1346.5609999999999
1353.1759999999999
1343.991
1350.652
1339.5619999999999
1340.7329999999999
1344.3420000000001
1340.904
1343.354
1462.4670000000001
1551.367
1395.316
1373.4010000000001
1382.9770000000001
1388.087
1388.1780000000001
1377.8599999999999
1386.932
1380.769
1387.54
1389.9090000000001
1388.002
1387.326
1380.9580000000001
1383.3389999999999
1381.3889999999999
1385.048
1349.249
1289.6500000000001
1309.297
1361.856
1348.0650000000001
1356.8630000000001
1370.6020000000001
1503.5070000000001
1512.6389999999999
1553.508
1615.5550000000001
1667.7329999999999
1626.9459999999999
1449.8679999999999
1430.52
1445.402
1449.6949999999999
1444.2280000000001
1446.249
1443.74
1444.635
1443.902
1438.164
1422.4670000000001
1429.4469999999999
1430.066
1430.742
1426.9549999999999
1417.2090000000001
1428.8979999999999
1315.6379999999999
1400.3989999999999
1390.9949999999999
1399.98
1348.7329999999999
1287.7570000000001
1111.595
1253.4690000000001
1260.0619999999999
1232.662
1236.856
1237.2739999999999
1239.0920000000001
1244.278
1234.8989999999999
1242.568
1236.1199999999999
1228.9559999999999
1243.9659999999999
1233.3299999999999
1117.184
1104.9480000000001
1105.376
1255.9829999999999
1237.8150000000001
1239.365
1232.047
1229.0920000000001
1224.8199999999999
1233.5799999999999
1232.1020000000001
1229.2629999999999
1230.2260000000001
1227.0609999999999
1229.443
1094.883
1101.5440000000001
1100.3209999999999
1279.98
1241.1780000000001
1251.671
1239.771
1243.1179999999999
1238.2329999999999
1236.6010000000001
1248.799
1247.325
1249.528
1250.4590000000001
1259.655
1115.748
1108.97
1104.8009999999999
1305.6669999999999
1264.6300000000001
1269.2449999999999
1260.316
1270.8219999999999
1260.443
1267.1179999999999
1259.462
1263.511
1269.1949999999999
1257.941
1257.5239999999999
1265.864
1109.481
1108.8340000000001
1102.0899999999999
1320.297
1278.3050000000001
1285
1276.479
1276.5329999999999
1279.316
1292.4839999999999
1296.431
1285.8900000000001
1295.4449999999999
1305.0309999999999
1305.5650000000001
1283.106
1118.317
1381.4860000000001
1315.8340000000001
1315.5640000000001
1301.6700000000001
1325.4369999999999
1320.0719999999999
1312.922
1506.761
1734.7739999999999
1792.21
1860.691
1837.057
1649.741
1634.9770000000001
1616.8579999999999
1911.277
1837.4490000000001
1834.99
1811.1800000000001
1679.7639999999999
1330.2909999999999
1339.787
1349.953
1352.2349999999999
1344.039
1367.9749999999999
1335.693
1324.866
1125.826
1117.925
1109.4259999999999
1409.241
1316.5450000000001
1345.047
1332.8430000000001
1341.971
1332.3589999999999
1324.8530000000001
1333.1469999999999
1343.905
1334.5599999999999
1331.03
1332.4069999999999
1301.633
1104.152
1101.325
1410.9549999999999
1341.4169999999999
1355.895
1329.3489999999999
1346.268
1354.02
1344.299
1352.1679999999999
1337.761
1345.143
1289.1610000000001
1108.123
1104.307
1116.1780000000001
1422.8520000000001
1346.5609999999999
1343.2249999999999
1336.375
1344.501
1327.596
1341.8810000000001
1343.6569999999999
1345.5640000000001
1339.9349999999999
1340.606
1332.73
1280.6600000000001
1109.1569999999999
1103.5409999999999
1139.5150000000001
1412.7180000000001
1344.3579999999999
1353.4300000000001
1343.2470000000001
1361.896
1353.576
1366.287
1344.9200000000001
1338.8050000000001
1352.8099999999999
1344.5930000000001
1358.7909999999999
1348.251
1593.396
1545.5260000000001
1535.3440000000001
1528.2840000000001
1523.2080000000001
1508.7159999999999
1522.077
1498.2280000000001
1497.354
1482.7070000000001
1500.357
1486.502
1406.1949999999999
1288.971
1290.6949999999999
1323.5150000000001
1560.357
1503.4760000000001
1482.5830000000001
1468.317
1485.2159999999999
1491.7249999999999
1490.5550000000001
1489.588
1505.126
1494.665
1479.3499999999999
1399.9010000000001
1292.201
1295.117
1291.7439999999999
1539.25
1513.6079999999999
1500.3800000000001
1503.739
1490.9400000000001
1493.729
1508.394
1526.0309999999999
1520.5329999999999
1498.1579999999999
1508.24
1503.6949999999999
1496.6579999999999
1518.8900000000001
1514.325
1516.576
1489.318
1472.585
1467.5260000000001
1464.396
1451.2919999999999
1442.856
1446.078
1442.6969999999999
1428.5830000000001
1438.7339999999999
1398.635
1387.376
1385.271
1370.3209999999999
1360.4079999999999
1363.2860000000001
1363.0719999999999
1367.6600000000001
1367.556
1361.623
1365.144
1388.807
1362.114
1370.7
1382.056
1374.5630000000001
1360.395
1361.9400000000001
1350.96
1360.9110000000001
1228.021
1174.8340000000001
1311.3900000000001
1365.47
1342.4069999999999
1341.393
1338.1849999999999
1345.731
1346.6389999999999
1358.72
1345.5119999999999
1346.1700000000001
1338.51
1343.4069999999999
1339.3330000000001
1336.848
1339.972
1340.681
1331.1849999999999
1351.626
1338.28
1354.4829999999999
1343.1769999999999
1348.0029999999999
1329.8989999999999
1342.723
1324.0429999999999
1342.473
1344.037
1340.3199999999999
1337.5699999999999
1332.0730000000001
1338.279
1346.5229999999999
1344.9300000000001
1350.729
1335.412
1440.415
1582.6420000000001
1405.856
1378.0989999999999
1383.271
1379.4739999999999
1378.655
1371.953
1385.893
1380.9580000000001
1385.9590000000001
1387.452
1382.4770000000001
1377.307
1384.2750000000001
1379.3910000000001
1385.1700000000001
1388.693
1377.835
1352.2180000000001
1274.854
1275.242
1353.8009999999999
1339.8299999999999
1350.9010000000001
1285.181
1267.434
1377.6369999999999
1483.9269999999999
1505.8800000000001
1550.1210000000001
1590.895
1499.481
1480.422
1483.1800000000001
1479.962
1471.9770000000001
1487.577
1481.4280000000001
1838.171
1896.191
1922.2639999999999
1976.2550000000001
1988.9079999999999
1982.7529999999999
1980.761
1953.9280000000001
1956.5509999999999
1943.694
1926.0509999999999
1946.2809999999999
1548.4480000000001
1480.0409999999999
1479.296
1475.8099999999999
1475.671
1393.1659999999999
1427.3599999999999
1625.2550000000001
1625.5940000000001
1629.9290000000001
1649.597
1586.1199999999999
1499.701
1497.9280000000001
1504.0940000000001
1504.4300000000001
1502.836
1499.1769999999999
1498.6410000000001
1491.152
1493.653
1485.7840000000001
1491.2159999999999
1490.875
1493.3050000000001
1491.6700000000001
1495.481
1485.8679999999999
1476.4929999999999
1478.7170000000001
1636.6199999999999
1782.511
1806.4880000000001
1833.412
1872.104
1915.5429999999999
1955.1990000000001
2013.643
2126.4209999999998
2114.0619999999999
2085.0889999999999
1769.8689999999999
1595.8499999999999
1652.732
1877.568
1830.098
1797.2919999999999
1788.0409999999999
1777.703
1766.029
1747.5519999999999
1745.7750000000001
1746.068
1723.5129999999999
1722.5139999999999
1709.0429999999999
1695.298
1689.5550000000001
1690.2360000000001
1684.1079999999999
1676.7760000000001
1665.296
1660.6089999999999
1666.3409999999999
1671.1110000000001
1661.1890000000001
1651.6610000000001
1650.8340000000001
1647.28
1662.3320000000001
1651.4639999999999
1709.8150000000001
1738.098
1744.675
1742.73
1742.192
1754.277
1773.451
1774.145
1775.0070000000001
1783.029
1784.7829999999999
1790.3230000000001
1791.568
1797.2619999999999
1809.95
1817.7629999999999
1825.896
1828.203
1824.5709999999999
1849.7470000000001
1846.2829999999999
1855.1500000000001
1863.1869999999999
1879.6569999999999
1878.077
1879.3040000000001
1909.9780000000001
1893.27
1900.26
1908.1690000000001
1910.0540000000001
1937.5309999999999
1937.761
1943.327
1943.4760000000001
1954.383
1977.309
1957.6600000000001
1846.453
1840.643
1842.4490000000001
1860.6610000000001
1846.835
1832.2370000000001
1833.5450000000001
1833.7840000000001
1826.7260000000001
1826.1279999999999
1836.2760000000001
1837.6420000000001
1830.751
1827.7180000000001
1817.1400000000001
1816.462
1830.97
1826.327
1816.7550000000001
1814.99
1813.3910000000001
1813.4459999999999
1799.884
1823.4179999999999
1810.663
1806.5419999999999
1813.1700000000001
1802.308
1798.2329999999999
1805.3420000000001
1806.614
1804.175
1802.8199999999999
1806.049
1800.653
1797.8299999999999
1804.079
1805.9559999999999
1804.172
1801.6679999999999
1798.4590000000001
1797.0509999999999
1813.693
1802.568
1811.4359999999999
1800.1590000000001
1803.684
1798.867
1801.7860000000001
1811.3579999999999
1806.1099999999999
1802.095
1794.748
1792.5029999999999
1803.453
1800.058
1797.4849999999999
1794.374
1791.7750000000001
1790.354
1800.8710000000001
1802.1389999999999
1794.97
1800.338
1788.1020000000001
1802.6189999999999
1800.335
1800.7470000000001
1800.548
1792.5250000000001
1790.396
1797.683
1800.212
1792.8040000000001
1790.9380000000001
1789.462
1794.6369999999999
2045.2139999999999
2192.1819999999998
2225.761
2258.0259999999998
2290.096
2272.1509999999998
2287.386
2286.1410000000001
2277.7710000000002
2268.9960000000001
2252.0340000000001
2248.2170000000001
2265.3910000000001
1959.355
1797.1469999999999
1799.1579999999999
1795.3150000000001
1789.067
1802.787
1809.8520000000001
1801.24
1800.826
1806.7619999999999
1810.5820000000001
1810.374
1800.143
1799.923
1799.78
1790.3969999999999
1810.5899999999999
1793.1369999999999
1795.0530000000001
1788.8889999999999
1793.768
1801.0509999999999
1795.6010000000001
1790.3920000000001
1791.03
1779.269
1799.71
1784.289
1779.3330000000001
1781.4190000000001
1773.001
1779.807
1781.0329999999999
1781.211
1787.0540000000001
1784.3620000000001
1787.7429999999999
1787.7249999999999
1791.1120000000001
1785.201
1783.6389999999999
1803.915
1785.1590000000001
1785.2370000000001
1785.2560000000001
1785.5260000000001
1783.808
1784.6679999999999
1782.9280000000001
1774.999
1782.7139999999999
1780.002
1779.213
1786.393
1779.239
1783.0219999999999
1789.2460000000001
1782.5940000000001
1785.3299999999999
1786.1179999999999
1778.4939999999999
1785.3019999999999
1766.7139999999999
1767.828
1766.2819999999999
1761.146
1768.3050000000001
1764.672
1758.9739999999999
1757.808
1755.1489999999999
1760.704
1761.8779999999999
1761.568
1770.5
1763.874
1767.4480000000001
1761.5920000000001
1765.9639999999999
1773.3150000000001
1773.2650000000001
1770.098
1766.191
1767.087
1758.9400000000001
1769.942
1767.3869999999999
1756.6420000000001
1763.4010000000001
1770.0540000000001
1765.681
1761.1690000000001
1764.318
1767.5619999999999
1765.607
1762.4159999999999
1767.9929999999999
1762.6859999999999
1766.05
1760.4829999999999
1775.135
1765.509
1766.3199999999999
1767.279
1772.2329999999999
1770.538
1768.7370000000001
1766.2149999999999
1767.1489999999999
1767.576
1769.0129999999999
1770.114
1761.7909999999999
1774.722
1773.434
1763.9970000000001
1766.2550000000001
1752.7729999999999
1760.7650000000001
1776.3489999999999
1759.789
1759.819
1748.8130000000001
1758.2159999999999
1767.4829999999999
1758.6700000000001
1760.0319999999999
1764.0899999999999
1757.338
1757.431
1752.009
1763.3199999999999
1757.846
1758.97
1748.854
1765.471
1770.367
1840.2370000000001
2118.3829999999998
2164.0120000000002
2197.6489999999999
2268.366
2264.6129999999998
2276.4000000000001
2260.3240000000001
2247.0639999999999
2236.3499999999999
2233.799
2242.5830000000001
2229.3099999999999
2228.5419999999999
1977.9670000000001
1774.2860000000001
1759.087
1780.4659999999999
1773.8869999999999
1768.4849999999999
1768.6790000000001
1772.827
1770.8130000000001
1772.057
1775.489
1771.316
1760.193
1772.0070000000001
1769.7619999999999
1763.6959999999999
1768.165
1755.1569999999999
1770.9390000000001
1763.0530000000001
1761.364
1766.8989999999999
1763.0219999999999
1765.5429999999999
1756.9659999999999
1759.5029999999999
1762.3720000000001
1761.2739999999999
1764.068
1755.557
1767.569
1727.4549999999999
1364.568
1415.3420000000001
1413.348
1408.633
1406.088
1409.808
1410.1690000000001
1402.9739999999999
1402.135
1409.2329999999999
1403.325
1393.6849999999999
1388.421
1392.52
1268.7819999999999
