1310.8620000000001
1310.3969999999999
1318.4639999999999
1308.2249999999999
1308.7840000000001
1301.6400000000001
1316.604
1288.5409999999999
1160.2550000000001
1150.6389999999999
1154.268
1187.5309999999999
1192.9179999999999
1129.4860000000001
1129.0920000000001
1129.6369999999999
1118.23
1123.316
1124.6289999999999
1129.4690000000001
1120.981
1121.6300000000001
1135.588
1127.1179999999999
1123.0219999999999
1115.4200000000001
1122.617
1162.9590000000001
1145.377
1145.1489999999999
1150.163
1137.482
1187.723
1235.279
1190.357
1181.9670000000001
1172.3330000000001
1177.8209999999999
1176.8900000000001
1173.79
1130.692
1132.183
1250.624
1179.8
1171.5139999999999
1183.373
1180.9190000000001
1188.365
1176.1880000000001
1190.49
1187.5530000000001
1188.3420000000001
1181.0630000000001
1192.806
1169.7550000000001
1125.6469999999999
1132.819
1156.374
1254.239
1182.5219999999999
1185.1469999999999
1194.2550000000001
1194.827
1186.1780000000001
1201.9480000000001
1201.029
1198.374
1196.4849999999999
1204.662
1206.261
1188.05
1129.6579999999999
1139.8040000000001
1144.9069999999999
1270.3779999999999
1204.6610000000001
1214.191
1220.6310000000001
1207.0329999999999
1215.2819999999999
1220.2570000000001
1225
1217.3050000000001
1229.8779999999999
1227.191
1235.1189999999999
1198.298
1139.229
1140.4169999999999
1142.876
1299.5060000000001
1240.2529999999999
1239.713
1228.7729999999999
1236.4760000000001
1242.771
1252.194
1250.171
1254.2919999999999
1258.731
1258.5509999999999
1232.9680000000001
1140.0450000000001
1147.2739999999999
1142.875
1323.8810000000001
1274.2370000000001
1267.346
1271.3879999999999
1266.2809999999999
1281.6769999999999
1279.8489999999999
1291.934
1283.441
1277.586
1287.3109999999999
1290.3309999999999
1267.373
1130.7080000000001
1318.557
1273.29
1281.376
1273.8620000000001
1300.066
1280.6990000000001
1293.7729999999999
1284.8050000000001
1297.204
1290.2159999999999
1269.7270000000001
1283.5429999999999
1269.751
1131.7529999999999
1138.1089999999999
1129.7550000000001
1287.712
1293.087
1297.5170000000001
1296.7660000000001
1288.3989999999999
1291.6679999999999
1290.7449999999999
1285.6120000000001
1280.3710000000001
1288.473
1286.769
1291.521
1285.6500000000001
1122.9559999999999
1127.7139999999999
1127.162
1311.2829999999999
1290.355
1302.6980000000001
1308.912
1311.4639999999999
1308.5060000000001
1311.259
1317.068
1312.5840000000001
1319.057
1336.7840000000001
1316.1300000000001
1148.46
1133.47
1130.6759999999999
1325.3240000000001
1325.7570000000001
1338.903
1328.501
1328.3330000000001
1318.1600000000001
1328.203
1319.4169999999999
1314.3109999999999
1320.394
1307.289
1317.3240000000001
1302.5920000000001
1120.2460000000001
1121.0519999999999
1116.5419999999999
1336.8399999999999
1307.1279999999999
1325.5409999999999
1323.5640000000001
1317.4200000000001
1324.808
1311.3320000000001
1304.931
1311.3230000000001
1313.7159999999999
1322.403
1314.181
1293.884
1115.3489999999999
1112.1869999999999
1122.877
1355.1320000000001
1336.4269999999999
1326.3230000000001
1339.027
1318.0229999999999
1325.412
1316.9290000000001
1315.4690000000001
1316.4559999999999
1320.9849999999999
1318.0730000000001
1312.5550000000001
1282.0419999999999
1112.412
1108.9580000000001
1124.319
1357.5340000000001
1346.4929999999999
1333.1669999999999
1320.607
1323.961
1321.2929999999999
1330.039
1322.53
1314.9929999999999
1318.367
1308.818
1307.498
1262.8499999999999
1107.8030000000001
1111.9739999999999
1117.423
1341.095
1297.481
1319.1320000000001
1321.8050000000001
1324.1410000000001
1316.511
1324.114
1319.511
1314.1500000000001
1319.413
1302.644
1338.992
1282.1179999999999
1116.9259999999999
1108.0029999999999
1119.5740000000001
1367.9269999999999
1304.3019999999999
1306.8040000000001
1314.4970000000001
1315.0170000000001
1319.952
1298.347
1315.7370000000001
1324.7529999999999
1312.604
1307.78
1284.124
1126.9459999999999
1363.9960000000001
1320.2719999999999
1325.0440000000001
1313.8019999999999
1319.7059999999999
1164.414
1188.867
1336.9110000000001
1314.662
1306.722
1303.347
1304.4159999999999
1308.5139999999999
1299.7670000000001
1310.2090000000001
1291.8510000000001
1302.048
1300.511
1290.7249999999999
1182.8779999999999
1108.7370000000001
1110.9269999999999
1208.671
1333.866
1314.2339999999999
1290.2550000000001
1287
1300.566
1311.037
1300.9300000000001
1319.057
1303.8130000000001
1303.527
1326.2919999999999
1321.5519999999999
1185.704
1107.4090000000001
1114.723
1233.0550000000001
1325.749
1304.672
1309.46
1323.4929999999999
1327.3130000000001
1311.8119999999999
1300.9280000000001
1330.4829999999999
1305.212
1307.963
1312.395
1298.0340000000001
1176.337
1114.402
1115.664
1232.8520000000001
1339.453
1325.5519999999999
1309.308
1308.3499999999999
1301.433
1323.5160000000001
1304.1849999999999
1312.182
1305.7249999999999
1310.2560000000001
1314.5
1313.1880000000001
1146.1379999999999
1108.5799999999999
1108.7660000000001
1240.4880000000001
1316.6400000000001
1304.039
1302.3679999999999
1311.7739999999999
1324.211
1311.644
1296.1479999999999
1303.9590000000001
1315.723
1306.1700000000001
1325.201
1321.4349999999999
1134.202
1121.5599999999999
1123.002
1281.7460000000001
1336.8589999999999
1319.279
1314.9860000000001
1338.4100000000001
1321.808
1311.347
1313.9670000000001
1306.1099999999999
1321.2170000000001
1317.472
1295.4380000000001
1169.7539999999999
1115.8109999999999
1122.9970000000001
1282.8320000000001
1358.79
1308.529
1309.75
1322.806
1316.1780000000001
1299.308
1307.011
1311.251
1312.951
1284.809
1115.1189999999999
1098.4469999999999
1102.0050000000001
1270.8869999999999
1311.8869999999999
1306.6479999999999
1308.2650000000001
1318.2270000000001
1306.048
1369.6610000000001
1306.05
1526.9059999999999
1480.4680000000001
1468.192
1474.2059999999999
1499.481
1470.1659999999999
1459.222
1499.4369999999999
1477.3420000000001
1476.0160000000001
1484.193
1453.356
1423.0340000000001
1305.3130000000001
1297.019
1339.944
1489.0519999999999
1456.6969999999999
1453.9190000000001
1459.704
1454.3499999999999
1449.7360000000001
1455.1199999999999
1448.338
1460.8679999999999
1454.7080000000001
1456.8140000000001
1463.1700000000001
1396.8820000000001
1306.8389999999999
1303.7619999999999
1340.492
1490.0360000000001
1461.566
1331.2460000000001
1308.413
1464.759
1457.864
1459.3900000000001
1456.711
1437.9280000000001
1458.2329999999999
1457.836
1471.021
1474.5920000000001
1482.021
1466.998
1486.7070000000001
1484.287
1491.9860000000001
1445.1130000000001
1470.568
1424.5050000000001
1424.9549999999999
1408.4849999999999
1395.3699999999999
1399.02
1399.4649999999999
1414.854
1433.018
1446.655
1429.433
1416.24
1407.914
1417.2059999999999
1445.4870000000001
1487.018
1443.2149999999999
1416.549
1413.259
1479.7819999999999
1445.6890000000001
1403.646
1434.4549999999999
1527.173
1422.2059999999999
1459.8440000000001
1501.395
1404.097
1505.902
1428.546
1456.702
1488.164
1424.193
1380.2860000000001
1312.134
1417.1849999999999
1412.069
1434.4069999999999
1433.7760000000001
1442.673
1434.943
1443.867
1439.4770000000001
1442.3340000000001
1448.4639999999999
1439.1099999999999
1461.069
1448.2249999999999
1455.9190000000001
1436.847
1421.546
1388.49
1382.171
1390.9259999999999
1388.809
1396.075
1398.8679999999999
1390.7049999999999
1405.9949999999999
1424.096
1412.462
1400.0450000000001
1396.021
1397.789
1416.7380000000001
1427.8299999999999
1380.954
1381.587
1398.191
1448.077
1383.4760000000001
1371.019
1443.7280000000001
1416.7570000000001
1390.8030000000001
1459.9670000000001
1409.3050000000001
1405.248
1459.068
1391.3620000000001
1468.624
1407.4639999999999
1288.7739999999999
1118.8109999999999
1109.7149999999999
1116.1130000000001
1113.848
1273.222
1250.681
1209.413
1105.4200000000001
1096.0699999999999
1110.7819999999999
1300.452
1243.2809999999999
1214.24
1099.6600000000001
1103.607
1108.3389999999999
1302.5730000000001
1250.2180000000001
1243.3869999999999
1111.3820000000001
1108.5609999999999
1118.1790000000001
1306.1279999999999
1251.1479999999999
1233.4680000000001
1103.72
1112.6320000000001
1112.761
1313.318
1371.546
1433.8820000000001
1433.9059999999999
1431.365
1440.376
1436.182
1436.0329999999999
1443.3710000000001
1442.875
1447.848
1448.713
1444.146
1443.4490000000001
1432.6379999999999
1448.6120000000001
1456.866
1455.4110000000001
1453.192
1413.4269999999999
1403.5530000000001
1410.1500000000001
1430.2929999999999
1434.085
1415.5119999999999
1388.7059999999999
1376.095
1383.452
1383.96
1405.585
1425.375
1394.9100000000001
1373.5550000000001
1363.377
1384.336
1423.95
1386.0740000000001
1375.423
1400.009
1417.0889999999999
1386.1980000000001
1402.9380000000001
1418.502
1374.0260000000001
1413.799
1373.8889999999999
1400.0360000000001
1406.98
1387.124
1319.8689999999999
1309.807
1392.165
1446.1300000000001
1441.546
1442.0619999999999
1442.8430000000001
1439.5889999999999
1442.4659999999999
1461.75
1448.4559999999999
1457.1790000000001
1441.0609999999999
1463.213
1458.0719999999999
1457.6780000000001
1468.248
1463.1110000000001
1449.0820000000001
1415.807
1417.4880000000001
1418.5419999999999
1447.587
1416.5509999999999
1394.116
1399.4290000000001
1385.498
1388.4159999999999
1392.4179999999999
1432.376
1425.0160000000001
1399.894
1230.4949999999999
1123.8099999999999
1127.5830000000001
1216.153
1257.5250000000001
1258.0550000000001
1254.6800000000001
1255.0350000000001
1241.616
1250.873
1236.606
1255.1410000000001
1163.73
1118.0309999999999
1112.943
1264.646
1284.2929999999999
1270.49
1259.0630000000001
1264.364
1253.268
1271.6669999999999
1270.183
1283.9690000000001
1285.1179999999999
1120.325
1125.1189999999999
1273.29
1302.604
1297.7190000000001
1287.1969999999999
1289.741
1297.347
1284.875
1289.3119999999999
1305.405
1301.9849999999999
1292.9300000000001
1302.9190000000001
1140.6479999999999
1117.0319999999999
1111.6079999999999
1290.0419999999999
1303.2329999999999
1306.9929999999999
1305.702
1305.5060000000001
1303.7059999999999
1294.2560000000001
1291.5029999999999
1285.2190000000001
1301.348
1319.297
1311.8
1292.086
1120.578
1110.0039999999999
1105.221
1301.509
1294
1306.393
1329.4559999999999
1342.1980000000001
1334.4100000000001
1320.3109999999999
1320.8019999999999
1334.075
1336.3969999999999
1317.4780000000001
1316.377
1140.1569999999999
1134.1669999999999
1136.394
1344.1320000000001
1342.115
1341.681
1313.3699999999999
1324.2449999999999
1334.2439999999999
1315.873
1321.492
1319.5440000000001
1309.7070000000001
1320.2739999999999
1303.7360000000001
1108.3030000000001
1113.855
1109.989
1314.0540000000001
1337.2
1322.2560000000001
1308.519
1303.72
1313.2339999999999
1313.385
1323.768
1312.8040000000001
1316.7560000000001
1295.924
1305.069
1277.355
1094.1369999999999
1096.78
1103.058
1325.809
1335.538
1337.3879999999999
1338.796
1330.3399999999999
1323.126
1323.213
1315.752
1331.769
1323.6659999999999
1322.308
1337.3520000000001
1296.2529999999999
1117.277
1113.6569999999999
1119.673
1375.259
1336.2819999999999
1348.7650000000001
1346.53
1335.4010000000001
1342.979
1317.0050000000001
1331.4960000000001
1333.818
1320.6189999999999
1336.6510000000001
1332.6300000000001
1284.4090000000001
1118.8679999999999
1315.0309999999999
1631.0830000000001
1502.2529999999999
1510.671
1492.623
1502.223
1504.769
1480.981
1525.2470000000001
1500.4659999999999
1533.5329999999999
1536.5599999999999
1511.252
1434.422
1319.886
1319.5419999999999
1361.278
1531.614
1492.153
1466.48
1459.104
1454.046
1467.4960000000001
1455.155
1454.194
1451.6679999999999
1452.126
1438.739
1455.3099999999999
1386.5940000000001
1298.3330000000001
1297.646
1293.866
1505.511
1469.2439999999999
1456.1600000000001
1456.0219999999999
1467.9760000000001
1472.279
1462.441
1468.4739999999999
1464.126
1462.443
1477.9829999999999
1480.098
1483.4390000000001
1481.3510000000001
1470.8209999999999
1472.6089999999999
1470.617
1445.346
1443.4159999999999
1429.9970000000001
1428.9659999999999
1402.4359999999999
1416.049
1401.3130000000001
1395.8969999999999
1382.8679999999999
1381.0930000000001
1372.146
1378.663
1385.7809999999999
1405.0830000000001
1388.8879999999999
1364.454
1356.4649999999999
1390.7560000000001
1399.739
1367.2149999999999
1395.9739999999999
1416.49
1362.451
1381.125
1406.701
1367.8620000000001
1406.454
1382.4949999999999
1375.239
1393.53
1327.5039999999999
1281.154
1286.8209999999999
1397
1406.885
1420.9079999999999
1412.0740000000001
1416.2070000000001
1425.6479999999999
1423.367
1449.671
1447.808
1456.4200000000001
1432.0709999999999
1460.2660000000001
1454.4639999999999
1475.434
1451.741
1484.777
1436.8099999999999
1447.047
1432.568
1446.1020000000001
1475.0799999999999
1462.769
1435.1400000000001
1415.3789999999999
1411.7
1434.558
1460.123
1416.9970000000001
1400.6780000000001
1387.6510000000001
1400.4000000000001
1455.606
1435.4839999999999
1401.415
1395.24
1409.855
1474.4269999999999
1404.635
1398.9459999999999
1454.271
1472.6099999999999
1398.0609999999999
1467.7239999999999
1458.9359999999999
1419.2750000000001
1504.472
1411.5909999999999
1463.6600000000001
1440.8800000000001
1423.135
1334.836
1103.933
1099.855
1192.7260000000001
1272.9949999999999
1237.7260000000001
1160.46
1104.009
1105.251
1175.0540000000001
1275.415
1244.6700000000001
1151.7329999999999
1104.4670000000001
1108.817
1187.586
1269.434
1235.066
1149.931
1100.393
1109.0530000000001
1187.1980000000001
1278.826
1247.325
1146.6400000000001
1103.2650000000001
1197.0599999999999
1278.693
1243.22
1486.7370000000001
1573.1759999999999
1469.3230000000001
1434.5709999999999
1422.796
1419.155
1421.8800000000001
1434.7470000000001
1440.385
1135.9549999999999
1237.0840000000001
1266.375
1252.0999999999999
1255.1590000000001
1249.7460000000001
1249.8209999999999
1239.635
1263.2919999999999
1264.7550000000001
1251.25
1262.318
1250.2470000000001
1247.0999999999999
1150.672
1113.8889999999999
1106.537
1228.998
1265.9770000000001
1237.0219999999999
1241.4860000000001
1235.2159999999999
1244.954
1245.317
1243.4839999999999
1248.5619999999999
1246.193
1247.097
1246.931
1248.299
1134.778
1108.1199999999999
1101.231
1222.865
1244.1099999999999
1233.075
1248.71
1251.8889999999999
1262.0809999999999
1257.115
1246.663
1255.2070000000001
1268.248
1256.105
1256.636
1247.0160000000001
1131.258
1111.799
1113.354
1256.298
1281.8430000000001
1271.51
1277.1379999999999
1270.539
1264.229
1270.058
1274.797
1281.741
1279.8230000000001
1275.8119999999999
1270.4770000000001
1277.2809999999999
1129.423
1115.2449999999999
1108.7349999999999
1268.98
1303.9829999999999
1311.7739999999999
1309.7360000000001
1297.5070000000001
1298.7809999999999
1305.261
1298.4169999999999
1307.8699999999999
1291.28
1289.4749999999999
1112.9549999999999
1098.0909999999999
1104.367
1274.923
1314.2550000000001
1291.2529999999999
1278.2950000000001
1284.723
1279.1389999999999
1272.7919999999999
1276.537
1279.7149999999999
1282.7449999999999
1273.7550000000001
1268.47
1276.019
1079.912
1078.9490000000001
1300.098
1270.7760000000001
1292.963
1288.442
1299.896
1301.5160000000001
1297.96
1304.1700000000001
1300.73
1304.394
1297.4670000000001
1103.1079999999999
1110.623
1109.077
1324.8910000000001
1304.2860000000001
1304.518
1301.097
1300.2080000000001
1290.1320000000001
1308.2539999999999
1297.1690000000001
1294.4390000000001
1297.8810000000001
1305.069
1310.7729999999999
1305.8530000000001
1099.9290000000001
1095.7739999999999
1094.4760000000001
1295.403
1311.953
1397.3399999999999
1600.2080000000001
1495.373
1478.579
1485.4300000000001
1472.1980000000001
1487.3340000000001
1480.501
1475.1959999999999
1454.3810000000001
1454.989
1446.1020000000001
1422.4059999999999
1276.0650000000001
1275.018
1266.162
1482.6600000000001
1433.3789999999999
1435.5129999999999
1429.5719999999999
1427.7940000000001
1430.539
1454.7950000000001
1421.769
1414.806
1267.356
1274.354
1284.5650000000001
1279.509
1427.403
1442.8340000000001
1438.4659999999999
1447.1590000000001
1441.444
1453.664
1452.943
1452.0139999999999
1449.9570000000001
1454.374
1475.5429999999999
1415.704
1499.8689999999999
1457.807
1405.432
1415.5519999999999
1417.277
1422.1800000000001
1449.261
1429.4459999999999
1400.2850000000001
1416.817
1459.0309999999999
1445.74
1419.3679999999999
1413.402
1409.5219999999999
1471.2460000000001
1450.047
1402.473
1407.9449999999999
1491.896
1460.825
1411.6110000000001
1499.4960000000001
1457.5509999999999
1419.1279999999999
1526.9110000000001
1438.578
1453.482
1482.9459999999999
1425.78
1519.4770000000001
1414.923
1279.367
1398.038
1438.9059999999999
1440.4949999999999
1428.3399999999999
1422.806
1423.288
1417.4570000000001
1430.1500000000001
1434.9839999999999
1432.471
1446.8989999999999
1444.0139999999999
1454.0599999999999
1444.616
1394.0219999999999
1398.684
1421.201
1396.3489999999999
1394.296
1373.28
1392.8209999999999
1412.0709999999999
1410.7360000000001
1387.9369999999999
1421.3779999999999
1400.836
1361.51
1359.7619999999999
1383.2660000000001
1398.4280000000001
1375.4269999999999
1358.778
1353.623
1394.827
1357.9839999999999
1356.8610000000001
1368.347
1398.5429999999999
1361.2940000000001
1359.2539999999999
1391.866
1341.019
1356.636
1391.098
1347.1199999999999
1400.1469999999999
1346.0920000000001
1366.046
1269.77
1083.8869999999999
1090.4749999999999
1092.5440000000001
1095.7819999999999
1262.972
1230.415
1235.1020000000001
1099.6759999999999
1097.1700000000001
1102.259
1272.6890000000001
1233.5039999999999
1236.6079999999999
1100.829
1095.1969999999999
1099.9100000000001
1278.299
1244.9749999999999
1242.454
1101.0650000000001
1091.941
1098.7670000000001
1270.479
1231.095
1236.1300000000001
1093.7460000000001
1095.578
1089.385
1261.1479999999999
1330.846
1439.9549999999999
1425.895
1421.6600000000001
1421.0609999999999
1419.7819999999999
1419.453
1410.807
1430.03
1426.7860000000001
1432.287
1431.6120000000001
1426.318
1418.597
1425.9749999999999
1404.2360000000001
1379.8900000000001
1370.874
1370.787
1368.248
1369.269
1378.877
1379.2449999999999
1376.039
1358.1410000000001
1354.8900000000001
1365.1099999999999
1368.326
1371.2629999999999
1357.816
1332.8440000000001
1343.732
1359.768
1379.4829999999999
1344.635
1335.6420000000001
1333.1759999999999
1344.731
1340.175
1329.8199999999999
1352.5070000000001
1326.4849999999999
1333.2049999999999
1350.2380000000001
1335.174
1364.3040000000001
1341.8440000000001
1346.049
1334.461
1344.115
1341.0730000000001
1335.9949999999999
1332.3979999999999
1323.8030000000001
1325.884
1317.1569999999999
1332.0830000000001
1326.442
1340.2149999999999
1329.943
1333.038
1319.8679999999999
1331.7850000000001
1323.4929999999999
1339.3389999999999
1328.248
1330.3699999999999
1330.681
1333.4960000000001
1331.402
1342.818
1350.3389999999999
1339.8299999999999
1352.4159999999999
1342.249
1337.297
1331.2329999999999
1334.903
1331.4880000000001
1342.377
1328.1880000000001
1340.412
1328.2629999999999
1333.9970000000001
1344.902
1347.405
1338.346
1342.671
1344.6859999999999
1401.826
1499.452
1379.3720000000001
1371.8900000000001
1371.133
1369.317
1363.626
1365.96
1362.239
1358.9929999999999
1365.4780000000001
1371.9480000000001
1373.1310000000001
1374.7370000000001
1377.433
1375.9179999999999
1364.847
1357.1179999999999
1346.9829999999999
1318.019
1259.2819999999999
1266.1400000000001
1323.3900000000001
1316.808
1323.9010000000001
1256.3499999999999
1199.021
1326.9549999999999
1515.2940000000001
1436.5740000000001
1452.23
1479.2270000000001
1409.587
1396.2550000000001
1407.2539999999999
1400.4939999999999
1408.2719999999999
1410.9110000000001
1408.5250000000001
1407.912
1412.6700000000001
1411.1110000000001
1409.5160000000001
1406.002
1417.9259999999999
1416.2570000000001
1420.953
1419.674
1412.9380000000001
1412.394
1407.232
1398.9469999999999
1415.192
1405.7280000000001
1417.9359999999999
1415.511
1335.193
1325.05
1566.8019999999999
1580.7660000000001
1547.1130000000001
1496.694
1439.019
1442.2860000000001
1440.3389999999999
1433.4090000000001
1453.672
1454.547
1457.96
1460.0129999999999
1451.8040000000001
1452.7639999999999
1448.575
1446.748
1449.712
1447.1849999999999
1449.4000000000001
1451.768
1546.4659999999999
1657.396
1777.3340000000001
2120.7469999999998
2185.8429999999998
2254.741
2304.8229999999999
2324.9540000000002
2342.3330000000001
2264.8690000000001
2098.567
2103.4090000000001
2094.0100000000002
2082.4430000000002
1691.0820000000001
1624.547
1616.5170000000001
1629.4839999999999
1626.298
1617.7660000000001
1615.127
1616.883
1615.508
1610.8430000000001
1602.9349999999999
1594.491
1612.1189999999999
1610.471
1605.0650000000001
1607.761
1605.875
1601.3530000000001
1597.146
1611.896
1602.538
1595.0509999999999
1609.3219999999999
1606.1199999999999
1605.433
1604.588
1644.057
1681.2929999999999
1686.4349999999999
1685.1559999999999
1693.8150000000001
1688.5050000000001
1708.577
1704.5429999999999
1706.7929999999999
1714.047
1719.0319999999999
1714.481
1719.0129999999999
1718.8230000000001
1740.7629999999999
1749.4870000000001
1741.587
1760.4580000000001
1750.789
1760.8989999999999
1772.6410000000001
1772.7
1779.9400000000001
1782.491
1787.059
1801.4269999999999
1800.9870000000001
1806.8009999999999
1807.8720000000001
1813.3589999999999
1814.864
1819.3409999999999
1822.951
1826.4870000000001
1835.1510000000001
1838.501
1857.807
1852.425
1768.4369999999999
1760.318
1764.079
1763.787
1767.259
1764.395
1754.711
1760.7239999999999
1750.145
1766.1020000000001
1756.8510000000001
1760.1079999999999
1762.566
1755.364
1749.681
1751.211
1757.683
1749.6410000000001
1762.394
1751.4690000000001
1752.973
1755.145
1752.4359999999999
1749.3140000000001
1745.3910000000001
1740.3050000000001
1751.038
1763.5150000000001
1751.8140000000001
1750.3969999999999
1750.338
1748.2380000000001
1743.838
1754.0129999999999
1757.4090000000001
1747.7080000000001
1752.481
1748.826
1747.566
1746.173
1748.4749999999999
1746.248
1737.1369999999999
1733.6900000000001
1743.491
1737.018
1738.271
1736.385
1735.0530000000001
1729.3219999999999
1749.8050000000001
1746.3140000000001
1736.8330000000001
1738.249
1741.1790000000001
1741.588
1741.155
1734.1769999999999
1739.047
1739.8409999999999
1731.6020000000001
1747.4459999999999
1734.6610000000001
1741.1010000000001
1742.127
1735.2090000000001
1726.8710000000001
1737.396
1749.309
1737.6900000000001
1717.154
1723.2190000000001
1723.346
1723.223
1720.1759999999999
1724.444
1721.943
1731.039
1727.7739999999999
1727.95
1712.3099999999999
1728.405
1728.068
1730.799
1721.4359999999999
1720.9300000000001
1719.433
1720.3800000000001
1715.9849999999999
1714.0160000000001
1709.367
1718.826
1714.9069999999999
1720.3869999999999
1715.1320000000001
1717.4760000000001
1719.1469999999999
1712.8219999999999
1715.0329999999999
1726.4749999999999
1715.279
1723.153
1713.175
1715.46
1718.6990000000001
1708.5630000000001
1708.0409999999999
1705.0170000000001
1703.7239999999999
1708.2080000000001
1712.223
1716.7660000000001
1713.47
1717.3430000000001
1706.3969999999999
1710.152
1704.2829999999999
1721.9169999999999
1724.482
1718.8869999999999
1713.808
1714.857
1720.202
1718.5730000000001
1717.1659999999999
1712.6980000000001
1709.325
1709.115
1713.9929999999999
1708.1020000000001
1714.557
1709.886
1710.7070000000001
1964.1890000000001
2102.0320000000002
2145.6970000000001
2202.145
2224.6840000000002
2217.2130000000002
2215.998
2205.201
2188.9569999999999
2180.1219999999998
2176.864
2159.7260000000001
2161.5599999999999
1733.6690000000001
1716.6659999999999
1715.6479999999999
1722.6959999999999
1719.5219999999999
1712.104
1719.3679999999999
1710.9749999999999
1715.444
1722.04
1712.433
1716.749
1711.76
1717.6400000000001
1720.0930000000001
1716.8879999999999
1715.0709999999999
1707.585
1723.1610000000001
1717.5899999999999
1712.6679999999999
1713.8610000000001
1706.837
1713.4680000000001
1720.1590000000001
1715.4960000000001
1719.5650000000001
1721.9300000000001
1718.5550000000001
1717.606
1718.4559999999999
1711.8019999999999
1714.328
1724.0699999999999
1713.973
1722.827
1712.394
1705.672
1723.5619999999999
1716.4059999999999
1716.9590000000001
1715.8800000000001
1714.0309999999999
1715.076
1711.5640000000001
1712.221
1715.5630000000001
1719.136
1717.643
1715.163
1708.9880000000001
1722.7909999999999
1718.5239999999999
1717.0160000000001
1710.394
1711.896
1710.3910000000001
1704.5609999999999
1710.3610000000001
1708.7619999999999
1713.5619999999999
1709.904
1702.8009999999999
1703.441
1696.7750000000001
1713.482
1700.7750000000001
1703.277
1703.3720000000001
1698.2750000000001
1691.769
1696.973
1694.502
1693.2470000000001
1696.0219999999999
1694.549
1685.211
1692.8979999999999
1704.635
1698.7070000000001
1697.4369999999999
1698.356
1698.3409999999999
1688.675
1695.4100000000001
1687.819
1684.115
1683.3699999999999
1681.9839999999999
1675.7170000000001
1693.2719999999999
1680.9839999999999
1690.9079999999999
1680.4590000000001
1682.5989999999999
1677.23
1679.037
1676.75
1691.096
1688.6079999999999
1685.761
1689.3150000000001
1679.579
1694.4739999999999
1692.442
1689.146
1691.0129999999999
1698.1969999999999
1685.806
1691.9770000000001
1689.444
1690.8889999999999
1693.8720000000001
1684.0809999999999
1690.9100000000001
1700.6610000000001
1694.365
1686.569
1695.0619999999999
1690.933
1692.95
1684.2190000000001
1698.0060000000001
1694.1289999999999
1687.3489999999999
1693.8720000000001
1686.4390000000001
1692.1099999999999
1688.1389999999999
1688.04
1689.4849999999999
1686.4110000000001
1686.5530000000001
1688.1769999999999
1691.3710000000001
1687.864
1687.3530000000001
1691.1969999999999
1473.251
1566.2280000000001
1565.4110000000001
1555.046
1560.5340000000001
1564.1990000000001
1562.0139999999999
1561.2750000000001
1550.0630000000001
1553.3
1548.913
1548.9590000000001
1511.864
1340.1579999999999
