1189.4929999999999
1190.443
1210.4690000000001
1196.5050000000001
1202.201
1130.059
1130
1122.9739999999999
1278.412
1193.0029999999999
1217.289
1211.7360000000001
1190.4400000000001
1219.924
1204.8969999999999
1181.538
1224.9590000000001
1204.146
1186.6859999999999
1218.7449999999999
1188.365
1115.2809999999999
1252.4870000000001
1204.317
1179.3209999999999
1208.0630000000001
1186.03
1187.7650000000001
1208.1010000000001
1183.5650000000001
1192.299
1198.9939999999999
1186.327
1197.865
1196.7719999999999
1139.4259999999999
1109.8599999999999
1106.8889999999999
1258.771
1190.414
1208.9290000000001
1199.4400000000001
1173.0250000000001
1211.4549999999999
1175.8409999999999
1181.165
1223.355
1168.903
1180.518
1207.492
1153.78
1125.701
1107.297
1111.356
1248.768
1189.346
1160.296
1186.9849999999999
1194.9480000000001
1160.6679999999999
1206.992
1191.0309999999999
1163.432
1215.595
1176.3779999999999
1157.5239999999999
1215.3720000000001
1109.384
1112.0709999999999
1110.354
1262.7180000000001
1173.943
1229.499
1176.1969999999999
1184.539
1226.3869999999999
1173.6310000000001
1180.845
1209.4079999999999
1175.9970000000001
1180.123
1210.0219999999999
1174.5319999999999
1109.3109999999999
1117.432
1119.951
1263.8019999999999
1192.03
1196.6500000000001
1205.761
1241.039
1195.309
1206.192
1236.5070000000001
1199.4849999999999
1218.2380000000001
1224.6990000000001
1174.6130000000001
1119.664
1101.7950000000001
1108.8219999999999
1254.357
1165.05
1240.8330000000001
1165.675
1197.7080000000001
1241.306
1175.258
1200.614
1239.4459999999999
1178.501
1214.1800000000001
1237.2809999999999
1188.192
1134.1769999999999
1112.9400000000001
1115.7059999999999
1268.5070000000001
1184.5029999999999
1258.239
1177.0550000000001
1194.4290000000001
1242.299
1188.1210000000001
1195.325
1232.298
1183.047
1188.425
1216.7560000000001
1178.7909999999999
1129.6600000000001
1103.3589999999999
1105.461
1268.3589999999999
1154.116
1231.646
1178.8610000000001
1170.855
1237.9949999999999
1171.6510000000001
1185.9580000000001
1252.1489999999999
1180.1790000000001
1203.453
1244.146
1186.6130000000001
1116.4860000000001
1111.114
1108.8150000000001
1277.992
1186.2670000000001
1250.441
1213.9469999999999
1197.749
1265.825
1201.463
1195.798
1260.097
1198.0329999999999
1189.652
1247.452
1183.0920000000001
1113.674
1104.893
1102.2570000000001
1281.8209999999999
1157.827
1225.991
1197.7159999999999
1157.1700000000001
1102.587
1102.634
1249.172
1172.2429999999999
1217.5119999999999
1220.278
1178.8140000000001
1226.827
1199.8810000000001
1180.875
1190.057
1201.8530000000001
1359.1949999999999
1518.941
1533.644
1590.2729999999999
1795.403
1701.3800000000001
1750.2650000000001
1740.347
1703.866
1746.327
1703.386
1664.9939999999999
1620.2149999999999
1244.7280000000001
1196.8969999999999
1213.2840000000001
1228.1780000000001
1102.0060000000001
1104.797
1103.2190000000001
1282.146
1188.5799999999999
1244.7380000000001
1198.3889999999999
1195.232
1251.922
1207.9680000000001
1175.8610000000001
1220.9739999999999
1225.223
1202.6579999999999
1188.1320000000001
1236.8910000000001
1111.973
1105.7570000000001
1105.165
1269.8599999999999
1190.4659999999999
1254.0029999999999
1211.49
1191.7280000000001
1244.702
1216.4159999999999
1197.146
1242.674
1229.7260000000001
1197.615
1209.7660000000001
1223.751
1097.549
1102.703
1105.8810000000001
1299.979
1183.473
1235.028
1210.8199999999999
1192.576
1253.204
1240.049
1206.153
1215.1510000000001
1248.146
1233.6569999999999
1200.8520000000001
1195.9690000000001
1112.2550000000001
1116.875
1124.3599999999999
1308.4860000000001
1183.232
1258.2090000000001
1213.345
1184.539
1265.607
1227.6869999999999
1191.7539999999999
1242.2090000000001
1237.873
1209.0429999999999
1194.107
1222.9269999999999
1102.605
1111.2529999999999
1115.05
1286.0830000000001
1168.981
1247.9829999999999
1205.8979999999999
1193.251
1233.394
1205.0319999999999
1184.607
1186.932
1216.9090000000001
1188.5070000000001
1161.942
1190.4639999999999
1084.364
1089.8140000000001
1085.578
1269.0350000000001
1160.7460000000001
1233.2260000000001
1178.1859999999999
1230.5329999999999
1312.0070000000001
1284.422
1373.8240000000001
1414.9480000000001
1406.693
1370.99
1430.7260000000001
1437.1120000000001
1389.807
1424.866
1423.654
1380.912
1400.8009999999999
1407.7
1371.4649999999999
1342.924
1290.0820000000001
1288.7
1388.5599999999999
1370.357
1407.192
1406.393
1369.4870000000001
1401.604
1413.9949999999999
1370.104
1383.1420000000001
1421.048
1392.223
1374.9870000000001
1417.194
1311.769
1289.3430000000001
1296.2829999999999
1354.7070000000001
1446.787
1399.0450000000001
1369.5630000000001
1361.0119999999999
1412.952
1398.9490000000001
1376.2750000000001
1369.0699999999999
1390.9939999999999
1385.8330000000001
1399.9469999999999
1388.623
1378.211
1362.2919999999999
1361.3399999999999
1366.567
1368.3230000000001
1375.8789999999999
1366.732
1354.9549999999999
1362.943
1366.8
1374.309
1366.396
1364.4159999999999
1353.192
1360.376
1365.4839999999999
1363.068
1350.5070000000001
1359.7909999999999
1361.674
1362.1700000000001
1361.355
1364.6379999999999
1378.3040000000001
1365.1600000000001
1354.826
1371.9069999999999
1352.393
1360.115
1374.385
1353.5229999999999
1371.038
1350.6310000000001
1351.3869999999999
1355.317
1362.5229999999999
1354.145
1356.2670000000001
1349.796
1343.704
1356.896
1350.8979999999999
1359.481
1349.606
1345.3399999999999
1340.165
1339.559
1342.1959999999999
1466.8209999999999
1684.1110000000001
1744.537
1780.854
1830.5519999999999
1844.1679999999999
1843.3520000000001
1830.8040000000001
1808.421
1808.191
1815.825
1812.9400000000001
1734.6089999999999
1356.848
1354.924
1366.0599999999999
1353.7080000000001
1362.3599999999999
1346.124
1356.5150000000001
1355.7539999999999
1349.3710000000001
1344.066
1335.345
1346.356
1339.7940000000001
1341.5239999999999
1330.954
1431.7570000000001
1495.4280000000001
1390.9159999999999
1382.0360000000001
1386.1300000000001
1389.1769999999999
1390.164
1385.1790000000001
1372.3599999999999
1384.2449999999999
1383.5820000000001
1375.107
1375.8820000000001
1377.96
1385.1679999999999
1383.981
1373.3240000000001
1381.8810000000001
1368.2660000000001
1295.8679999999999
1309.442
1344.6659999999999
1350.3989999999999
1348.4490000000001
1337.202
1388.902
1415.299
1441.1579999999999
1452.511
1479.7149999999999
1532.1849999999999
1488.336
1454.8320000000001
1451.635
1459.8119999999999
1453.5050000000001
1460.9359999999999
1447.9690000000001
1443.076
1447.143
1448.3420000000001
1455.607
1442.8050000000001
1432.6300000000001
1439.0519999999999
1435.8499999999999
1444.9280000000001
1366.6210000000001
1317.5160000000001
1482.922
1503.3099999999999
1499.2170000000001
1498.213
1506.075
1508.193
1525.3889999999999
1534.318
1505.45
1475.3630000000001
1473.998
1475.47
1469.807
1466.739
1477.4110000000001
1482.2049999999999
1483.9949999999999
1471.1020000000001
1472.7819999999999
1478.365
1470.1279999999999
1473.6189999999999
1468.3009999999999
1470.1859999999999
1462.7049999999999
1478.6279999999999
1480.309
1470.751
1597.8150000000001
1633.931
1643.3510000000001
1659.9549999999999
1678.3979999999999
1697.278
1710.796
1746.0409999999999
1749.867
1772.739
1788.0360000000001
1840.3920000000001
1845.7539999999999
1815.8689999999999
1670.4269999999999
1670.8309999999999
1661.8489999999999
1670.4690000000001
1670.1859999999999
1670.5250000000001
1671.598
1656.461
1649.123
1638.2660000000001
1650.326
1645.5250000000001
1644.2239999999999
1650.8979999999999
1643.5309999999999
1633.7449999999999
1646.0129999999999
1650.297
1646.134
1646.96
1640.261
1653.1849999999999
1648.518
1647.1469999999999
1651.627
1394.6089999999999
1434.1120000000001
1425.9290000000001
1425.768
1433.346
1428.4290000000001
1423.6130000000001
1422.55
1371.9290000000001
1179.511
1116.1300000000001
1240.1959999999999
1146.2159999999999
1171.4090000000001
1166.9190000000001
1165.473
1180.191
1173.921
1173.693
1193.6859999999999
1180.345
1179.6020000000001
1188.2280000000001
1176.194
1121.434
1123.681
1119.1510000000001
1279.72
1183.412
1178.845
1188.8589999999999
1184.123
1163.771
1191.8520000000001
1192.595
1179.797
1201.6089999999999
1195.0119999999999
1176.3320000000001
1169.1369999999999
1119.4829999999999
1416.9960000000001
1524.2909999999999
1743.9390000000001
1687.558
1715.8900000000001
1726.192
1697.972
1730.742
1699.625
1676.3610000000001
1699.2139999999999
1672.0319999999999
1345.3610000000001
1209.8130000000001
1180.798
1129.8779999999999
1133.098
1136.789
1283.9079999999999
1199.644
1208.5830000000001
1186.3910000000001
1200.248
1233.655
1192.0930000000001
1195.7380000000001
1236.29
1205.5730000000001
1175.9880000000001
1211.819
1165.644
1100.4280000000001
1106.1800000000001
1118.855
1264.3869999999999
1176.643
1242.6759999999999
1193.0630000000001
1181.0429999999999
1244.0840000000001
1203.0260000000001
1175.5160000000001
1238.5329999999999
1197.9860000000001
1170.865
1226.077
1180.8920000000001
1107.9939999999999
1107.2919999999999
1133.154
1287.223
1234.5699999999999
1221.462
1207.5699999999999
1261.4090000000001
1249.231
1221.5409999999999
1244.7670000000001
1245.78
1218.4179999999999
1212.1559999999999
1263.614
1184.527
1133.2070000000001
1125.8610000000001
1170.3320000000001
1283.28
1198.5940000000001
1187.268
1226.45
1183.337
1177.0830000000001
1210.498
1226.098
1191.2149999999999
1189.6569999999999
1227.798
1213.412
1132.71
1083.751
1094.671
1165.1400000000001
1274.0550000000001
1186.5060000000001
1224.9159999999999
1245.556
1204.2260000000001
1185.2729999999999
1224.2470000000001
1219.29
1182.2
1200.3499999999999
1231.307
1129.6859999999999
1097.9829999999999
1100.787
1167.8520000000001
1285.99
1225.068
1167.836
1215.306
1236.627
1211.819
1177.921
1231.2329999999999
1228.1510000000001
1211.3710000000001
1209.6900000000001
1250.3969999999999
1139.181
1107.25
1115.1210000000001
1201.336
1284.431
1245.4110000000001
1212.373
1228.7840000000001
1263.021
1221.2
1206.6489999999999
1245.0070000000001
1236.441
1209.981
1218.885
1310.6880000000001
1310.3710000000001
1311.9349999999999
1396.067
1468.71
1421.3430000000001
1397.653
1429.604
1416.1199999999999
1357.7190000000001
1388.826
1396.893
1365.1389999999999
1391.597
1407.567
1494.202
1683.3869999999999
1685.741
1744.8969999999999
1881.5799999999999
1882.249
1919.329
1856.239
1845.078
1881.49
1839.548
1823.8430000000001
1783.0899999999999
1393.307
1355.865
1403.557
1352.875
1279.201
1437.3630000000001
1405.9169999999999
1398.9100000000001
1371.0060000000001
1395.4829999999999
1405.4580000000001
1387.298
1371.635
1394.769
1407.2850000000001
1398.0239999999999
1382.4169999999999
1368.3520000000001
1370.174
1376.9780000000001
1371.1199999999999
1372.653
1363.0350000000001
1363.6400000000001
1368.249
1367.2629999999999
1369.1420000000001
1356.546
1350.9459999999999
1356.2170000000001
1346.636
1361.47
1370.8420000000001
1373.1669999999999
1364.6389999999999
1348.0119999999999
1339.8989999999999
1358.3420000000001
1375.9649999999999
1359.271
1353.105
1365.4760000000001
1386.9490000000001
1368.5319999999999
1373.202
1400.6510000000001
1365.9780000000001
1369.1800000000001
1385.396
1351.623
1385.2249999999999
1359.1500000000001
1385.3589999999999
1348.1400000000001
1367.4390000000001
1349.3820000000001
1351.9280000000001
1353.498
1361.684
1361.962
1358.998
1362.2280000000001
1350.8499999999999
1354.6510000000001
1340.4079999999999
1364.299
1355.8589999999999
1366.682
1354.999
1366.9259999999999
1346.0239999999999
1361.011
1355.2660000000001
1359.7850000000001
1360.462
1360.992
1354.3430000000001
1344.5429999999999
1341.941
1339.847
1361.6410000000001
1344.9829999999999
1357.0630000000001
1342.296
1347.5260000000001
1329.405
1349.3689999999999
1344.105
1358.7449999999999
1344.854
1346.8800000000001
1345.0450000000001
1334.402
1345.1869999999999
1445.1030000000001
1499.4369999999999
1380.8320000000001
1366.8399999999999
1376.5419999999999
1382.127
1373.6130000000001
1379.739
1370.895
1379.6900000000001
1386.5540000000001
1378.242
1382.7059999999999
1379.989
1395.3620000000001
1391.9860000000001
1394.057
1377.3589999999999
1380.8440000000001
1354.421
1291.6659999999999
1307.6479999999999
1345.595
1328.9829999999999
1337.7
1341.066
1441.8989999999999
1480.7829999999999
1503.46
1560.183
1621.71
1652.1110000000001
1502.732
1489.798
1491.51
1489.499
1493.095
1493.287
1492.8910000000001
1492.8130000000001
1481.2660000000001
1491.3779999999999
1490.9690000000001
1484.884
1491.4559999999999
1490.9970000000001
1484.229
1486.8900000000001
1477.394
1348.0740000000001
1512.4839999999999
1799.075
1754.068
1607.4549999999999
1632.046
1791.55
1704.5709999999999
1702.4179999999999
1683.5039999999999
1667.3720000000001
1682.521
1679.329
1529.1880000000001
1188.3679999999999
1202.682
1178.98
1164.9300000000001
1174.48
1098.136
1103.7159999999999
1115.6389999999999
1270.8320000000001
1180.6890000000001
1189.5419999999999
1165.6510000000001
1162.7439999999999
1161.809
1179.635
1172.8099999999999
1158.96
1176.1489999999999
1173.4179999999999
1132.367
1097.0719999999999
1105.1579999999999
1266.201
1176.2940000000001
1172.364
1197.9100000000001
1170.2639999999999
1169.972
1196.2639999999999
1198.971
1177.221
1179.8589999999999
1195.99
1190.0719999999999
1157.982
1110.384
1113.566
1140.9960000000001
1269.377
1192.3969999999999
1176.307
1212.26
1199.8109999999999
1184.7850000000001
1205.2159999999999
1212.3920000000001
1179.1110000000001
1200.106
1216.6369999999999
1206.788
1156.9939999999999
1118.7449999999999
1106.703
1147.0909999999999
1293.5930000000001
1198.4349999999999
1197.2850000000001
1227.6659999999999
1214.644
1182.9680000000001
1211.4390000000001
1237.558
1216.671
1188.98
1226.2070000000001
1127.183
1111.087
1104.5809999999999
1162.279
1315.961
1226.3240000000001
1196.558
1260.999
1257.9760000000001
1202.7529999999999
1230.7950000000001
1240.7550000000001
1215.451
1192.6489999999999
1239.8440000000001
1223.3009999999999
1135.8399999999999
1095.45
1092.5409999999999
1140.568
1296.9490000000001
1222.9949999999999
1177.8140000000001
1252.1389999999999
1234.2619999999999
1173.135
1178.3389999999999
1214.6389999999999
1210.751
1190.232
1186.9069999999999
1230.7950000000001
1119.463
1090.894
1095.7260000000001
1175.2370000000001
1315.7380000000001
1229.3679999999999
1189.3789999999999
1211.8320000000001
1225.242
1196.0319999999999
1187.5360000000001
1236.0809999999999
1227.693
1217.124
1235.8320000000001
1236.5840000000001
1132.155
1102
1093.1900000000001
1177.8
1289.6389999999999
1232.346
1207.1669999999999
1221.8330000000001
1242.5840000000001
1238.03
1212.8610000000001
1215.4349999999999
1247.0419999999999
1237.6220000000001
1204.3879999999999
1210.8630000000001
1177.239
1104.328
1106.356
1406.5039999999999
1629.6669999999999
1705.4469999999999
1800.3040000000001
1823.8240000000001
1981.346
1929.971
1917.376
1871.0239999999999
1897.7339999999999
1883.8440000000001
1830.2719999999999
1669.873
1404.204
1364.1220000000001
1378.356
1410.9449999999999
1339.8920000000001
1273.2660000000001
1279.874
1273.318
1477.972
1362.615
1411.662
1410.3979999999999
1370.7570000000001
1375.4770000000001
1420.643
1379.8699999999999
1358.7049999999999
1422.481
1392.2339999999999
1357.183
1383.3520000000001
1282.0150000000001
1275.1590000000001
1291.298
1288.933
1279.7049999999999
1478.309
1370.6289999999999
1425.6559999999999
1433.171
1404.1769999999999
1380.3520000000001
1422.241
1423.011
1397.2809999999999
1396.6600000000001
1387.107
1403.7470000000001
1395.8889999999999
1391.299
1405.779
1390.8209999999999
1345.394
1373.6410000000001
1365.462
1366.9259999999999
1378.779
1371.1010000000001
1360.1610000000001
1357.7449999999999
1352.5930000000001
1347.5440000000001
1348.509
1349.9590000000001
1352.2429999999999
1368.6679999999999
1360.579
1343.742
1343.174
1350.663
1383.5730000000001
1367.0160000000001
1368.8230000000001
1392.9939999999999
1386.0609999999999
1370.1010000000001
1386.4590000000001
1360.5550000000001
1359.1220000000001
1371.4970000000001
1341.954
1371.6020000000001
1342.4480000000001
1354.5920000000001
1342.6700000000001
1343.6959999999999
1342.3230000000001
1346.2170000000001
1346.73
1344.3050000000001
1353.8150000000001
1344.2919999999999
1349.75
1338.9570000000001
1341.027
1331.9400000000001
1353.213
1338.1890000000001
1359.2239999999999
1350.0360000000001
1355.5150000000001
1347.0519999999999
1346.1179999999999
1330.7460000000001
1339.761
1335.1089999999999
1345.9190000000001
1341.761
1351.998
1332.0740000000001
1346.5139999999999
1322.135
1340.088
1329.9580000000001
1341.2539999999999
1336.8320000000001
1341.402
1332.829
1335.693
1340.078
1340.4349999999999
1351.2950000000001
1362.3630000000001
1376.769
1532.7349999999999
1478.7560000000001
1403.8330000000001
1399.404
1412.0630000000001
1406.8979999999999
1413.6110000000001
1411.951
1403.9680000000001
1406.568
1395.0119999999999
1361.489
1303.9059999999999
1306.5609999999999
1304.173
1303.011
1299.9559999999999
1384.451
1374.6559999999999
1374.567
1382.9760000000001
1364.604
1386.45
1384.5239999999999
1391.4259999999999
1381.5930000000001
1389.8019999999999
1389.576
1381.0699999999999
1383.0519999999999
1383.963
1371.7170000000001
1373.646
1376.8530000000001
1727.5170000000001
1775.3420000000001
1813.944
1844.5419999999999
1859.8
1852.6189999999999
1851.721
1844.2280000000001
1822.396
1815.444
1800.9670000000001
1788.7170000000001
1406.731
1365.8520000000001
1354.5630000000001
1353.6210000000001
1361.001
1367.2909999999999
1358.5309999999999
1359.1880000000001
1366.414
1363.4549999999999
1366.6130000000001
1371.7090000000001
1319.019
1346.26
1329.2860000000001
1329.4200000000001
1327.645
1333.5319999999999
1335.1669999999999
1326.1320000000001
1335.412
1328.683
1323.864
1324.5989999999999
1335.162
1331.989
1343.992
1339.29
1347.3499999999999
1359.3109999999999
1349.527
1338.9359999999999
1357.673
1352.7550000000001
1360.3299999999999
1360.2760000000001
1360.2850000000001
1351.144
1347.8099999999999
1356.5999999999999
1367.4739999999999
1356.078
1357.7049999999999
1354.7840000000001
1354.3440000000001
1343.366
1357.556
1348.931
1360.527
1358.895
1320.3309999999999
1335.1010000000001
1335.3040000000001
1322.7049999999999
1326.0840000000001
1334.0840000000001
1330.9110000000001
1365.5350000000001
1507.4069999999999
1431.8689999999999
1385.078
1373.7090000000001
1381.547
1381.345
1385.943
1381.1010000000001
1384.3810000000001
1382.816
1378.3610000000001
1388.7139999999999
1390.164
1395.057
1398.9010000000001
1397.5999999999999
1387.1469999999999
1392.577
1381.9100000000001
1298.5530000000001
1293.3620000000001
1360.8330000000001
1353.3399999999999
1346.364
1310.3579999999999
1206.643
1294.472
1481.761
1469.6500000000001
1489.943
1510.126
1451.1479999999999
1433.9349999999999
1445.5160000000001
1443.9110000000001
1439.6949999999999
1442.098
1429.2449999999999
1449.4179999999999
1446.239
1432.21
1443.692
1444.4690000000001
1448.145
1444.4059999999999
1433.502
1437.597
1440.5630000000001
1439.05
1448.671
1443.623
1439.4949999999999
1443.489
1357.7339999999999
1480.7739999999999
1555.4200000000001
1570.3440000000001
1556.95
1471.415
1464.575
1466.607
1472.6990000000001
1475.4549999999999
1475.2249999999999
1474.7739999999999
1468.49
1481.883
1472.979
1689.5250000000001
1851.0619999999999
1888.001
1930.2190000000001
1964.7170000000001
1964.2809999999999
1963.9469999999999
2017.682
2154.3150000000001
2195.7170000000001
2212.8899999999999
2256.1880000000001
1997.2919999999999
1831.258
1873.6310000000001
1906.75
1890.3879999999999
1644.3800000000001
1656.2080000000001
1658.7829999999999
1648.598
1646.4459999999999
1657.3579999999999
1649.9280000000001
1648.3030000000001
1646.0940000000001
1643.664
1637.252
1646.8620000000001
1659.0309999999999
1654.9680000000001
1657.5640000000001
1655.345
1654.5219999999999
1654.74
1649.201
1651.0170000000001
1649.0350000000001
1649.23
1634.3409999999999
1637.298
1643.8219999999999
1645.499
1652.0429999999999
1648.5650000000001
1637.838
1639.7049999999999
1661.7080000000001
1714.3340000000001
1715.096
1716.146
1724.556
1728.0509999999999
1730.2919999999999
1732.665
1756.1079999999999
1749.4839999999999
1754.1020000000001
1762.7239999999999
1758.615
1763.5509999999999
1774.0260000000001
1788.973
1784.713
1788.4010000000001
1798.1659999999999
1796.6400000000001
1791.0309999999999
1813.056
1824.2180000000001
1807.2429999999999
1809.903
1807.998
1824.271
1830.3489999999999
1831.1669999999999
1840.0219999999999
1843.079
1842.9639999999999
1856.4469999999999
1854.5309999999999
1881.3699999999999
1871.6189999999999
1887.2639999999999
1892.7159999999999
1810.806
1793.672
1824.2090000000001
1812.8199999999999
1802.2570000000001
1797.057
1798.059
1792.915
1788.615
1791.0889999999999
1797.2750000000001
1792.5170000000001
1795.6099999999999
1791.232
1790.5740000000001
1780.7639999999999
1786.3499999999999
1796.605
1787.0250000000001
1787.3440000000001
1785.136
1778.845
1781.472
1781.9459999999999
1779.9929999999999
1774.287
1789.172
1792.5540000000001
1784.335
1783.3630000000001
1781.4490000000001
1790.3610000000001
1789.329
1790.5989999999999
1798.6279999999999
1798.4259999999999
1790.375
1793.299
1780.3979999999999
1780.386
1778.807
1778.049
1780.627
1777.3399999999999
1777.7139999999999
1775.6010000000001
1789.1289999999999
1779.9690000000001
1778.548
1777.5899999999999
1768.53
1763.6880000000001
1761.99
1774.248
1775.2180000000001
1768.338
2113.7579999999998
2208.7460000000001
2231.3400000000001
2260.482
2249.163
2247.6770000000001
2265.3240000000001
2249.0900000000001
2246.3449999999998
2236.0749999999998
2229.2930000000001
1942.845
1765.616
1758.1859999999999
1769.02
1767.8430000000001
1764.1959999999999
1763.0250000000001
1767.3810000000001
1765.7929999999999
1751.7380000000001
1764.271
1756.3030000000001
1778.04
1769.527
1759.854
1751.556
1754.412
1769.2639999999999
1769.835
1760.538
1762.3820000000001
1754.0419999999999
1753.809
1755.6559999999999
1755.7439999999999
1752.6669999999999
1747.5540000000001
1767.579
1762.5229999999999
1761.5730000000001
1758.8510000000001
1756.019
1753.296
1757.8430000000001
1767.114
1759.883
1762.115
1759.6890000000001
1758.373
1748.433
1753.5
1766.694
1757.114
1752.489
1755.6010000000001
1749.0999999999999
1760.3
1748.797
1761.836
1752.3299999999999
1748.8800000000001
1753.354
1752.1869999999999
1745.182
1763.6700000000001
1757.23
1750.8019999999999
1755.5409999999999
1752.4570000000001
1762.4860000000001
1757.104
1749.98
1740.5139999999999
1736.797
1729.519
1738.4069999999999
1737.6220000000001
1738.171
1737.701
1733.585
1747.0329999999999
1743.212
1744.973
1738.308
1739.4849999999999
1738.3579999999999
1738.6790000000001
1728.336
1744.4459999999999
1736.954
1742.55
1746.3199999999999
1735.0740000000001
1757.213
1747.896
1745.8900000000001
1756.5129999999999
1753.694
1760.0409999999999
1745.203
1755.463
1755.2650000000001
1755.951
1749.604
1751.5709999999999
1743.732
1745.0239999999999
1752.05
1757.0309999999999
1741.9680000000001
1740.011
1737.0809999999999
1735.807
1740.309
1738.162
1752.914
1754.588
1738.271
1744.2670000000001
2074.1590000000001
2150.4490000000001
2200.0079999999998
2218.7289999999998
2236.2429999999999
2226.904
2214.8800000000001
2207.04
2211.5709999999999
2215.4389999999999
2202.7669999999998
2195.5949999999998
1766.7090000000001
1745.694
1740.3620000000001
1752.191
1745.241
1745.4090000000001
1745.8920000000001
1745.856
1736.325
1737.1489999999999
1748.1300000000001
1750.2729999999999
1743.5229999999999
1743.6300000000001
1736.038
1735.405
1727.8900000000001
1701.211
1720.018
1715.8599999999999
1717.2149999999999
