1082.835
1089.307
1088.737
1089.853
1092.192
1178.585
1260.611
1264.573
1254.485
1254.417
1264.546
1277.829
1285.928
1283.565
1277.013
1224.496
1127.395
1126.201
1107.591
1269.467
1137.106
1106.699
1105.793
1101.615
1097.057
1093.934
1102.592
1099.180
1107.447
1105.994
1104.511
1103.200
1098.215
1095.039
1086.551
1136.578
1119.824
1124.797
1112.314
1107.565
1213.766
1198.716
1149.169
1164.070
1168.419
1166.818
1175.789
1164.803
1118.586
1112.007
1257.177
1168.315
1157.463
1158.625
1171.899
1162.754
1166.941
1170.587
1163.494
1163.152
1174.202
1164.752
1173.918
1111.337
1114.335
1110.344
1249.359
1164.740
1189.401
1178.530
1177.972
1196.890
1174.827
1188.051
1191.966
1171.841
1194.045
1199.104
1169.779
1121.656
1123.905
1121.425
1252.957
1184.385
1204.771
1185.687
1206.185
1200.575
1183.645
1201.222
1194.180
1160.188
1197.307
1181.333
1168.918
1114.599
1107.444
1102.330
1257.361
1203.012
1201.391
1175.666
1196.421
1200.755
1179.099
1225.111
1196.052
1187.510
1214.828
1176.537
1190.958
1123.226
1110.226
1111.994
1264.521
1216.573
1223.184
1197.757
1204.326
1207.792
1202.641
1213.424
1216.704
1215.693
1234.393
1220.400
1198.584
1134.454
1112.836
1113.006
1258.857
1258.075
1225.398
1210.314
1246.805
1238.745
1203.432
1294.423
1172.674
1208.814
1250.718
1213.962
1232.530
1109.896
1092.291
1090.705
1236.848
1225.343
1244.792
1183.377
1235.261
1231.305
1195.002
1252.827
1202.816
1211.845
1236.812
1233.898
1232.642
1152.597
1113.079
1111.854
1230.321
1237.085
1249.091
1235.166
1228.307
1232.450
1269.531
1238.727
1255.968
1253.240
1244.447
1250.259
1151.756
1107.518
1112.944
1169.505
1389.665
1277.819
1260.837
1255.228
1268.743
1277.245
1243.234
1261.599
1258.940
1223.800
1263.573
1246.527
1218.879
1108.929
1104.392
1105.622
1343.636
1237.142
1273.785
1267.789
1242.565
1278.156
1256.031
1243.545
1291.061
1262.632
1232.165
1256.870
1243.698
1118.326
1121.431
1123.103
1361.869
1272.109
1270.523
1317.692
1276.370
1287.005
1296.395
1264.636
1264.647
1270.449
1263.535
1243.681
1117.843
1114.880
1110.035
1347.714
1264.508
1318.614
1247.020
1278.844
1285.027
1263.488
1266.016
1266.160
1259.286
1240.869
1254.738
1259.634
1103.234
1105.031
1105.288
1360.511
1249.383
1300.663
1265.101
1253.870
1257.634
1289.920
1275.689
1250.530
1322.272
1267.787
1259.733
1234.960
1088.217
1091.419
1093.891
1323.120
1256.981
1265.340
1239.928
1245.560
1276.145
1251.753
1236.422
1273.132
1268.409
1263.837
1255.147
1101.176
1105.461
1099.101
1321.664
1254.626
1286.068
1254.487
1245.254
1252.362
1258.701
1261.008
1252.274
1260.286
1108.159
1107.172
1109.603
1307.172
1275.184
1289.697
1299.620
1263.859
1278.804
1296.202
1274.024
1261.827
1296.105
1286.850
1275.924
1138.037
1110.490
1114.813
1315.641
1302.004
1292.827
1283.450
1279.331
1289.642
1278.422
1281.034
1282.371
1299.889
1299.397
1276.014
1284.354
1128.497
1104.778
1103.461
1299.784
1307.832
1289.674
1260.636
1166.690
1137.050
1357.229
1282.459
1296.547
1291.580
1266.684
1288.380
1281.607
1263.082
1281.524
1270.765
1277.365
1301.237
1202.917
1101.738
1101.278
1156.059
1293.557
1277.083
1270.122
1290.069
1293.956
1288.694
1286.576
1281.955
1231.066
1095.615
1104.941
1160.131
1363.149
1302.730
1312.158
1297.320
1292.374
1318.933
1294.194
1296.322
1319.629
1289.672
1302.457
1308.066
1202.314
1112.369
1110.168
1191.813
1367.028
1293.051
1279.984
1309.748
1293.284
1311.167
1352.023
1311.551
1291.042
1309.585
1309.586
1301.360
1193.536
1094.901
1102.335
1215.501
1368.451
1294.135
1304.381
1316.745
1303.865
1314.408
1328.227
1309.530
1337.518
1310.923
1306.505
1315.940
1156.732
1094.683
1094.972
1204.781
1368.115
1313.566
1310.260
1314.730
1310.153
1314.938
1285.331
1317.064
1298.453
1266.744
1309.119
1153.703
1092.132
1087.298
1201.462
1346.943
1307.814
1311.014
1305.998
1303.777
1307.533
1289.594
1328.822
1296.728
1332.717
1318.426
1327.637
1207.844
1106.165
1088.312
1155.823
1372.517
1311.952
1317.136
1326.682
1336.580
1305.551
1316.160
1327.193
1315.825
1342.627
1335.828
1335.359
1095.847
1090.914
1149.722
1406.594
1324.928
1330.959
1324.862
1305.187
1315.899
1327.863
1297.227
1315.028
1322.012
1313.096
1222.059
1098.369
1087.919
1164.050
1382.270
1301.443
1320.120
1301.926
1306.223
1337.680
1299.830
1343.483
1305.017
1317.693
1299.086
1319.934
1216.302
1093.030
1093.745
1144.920
1385.581
1313.229
1335.901
1326.759
1304.503
1359.434
1301.457
1307.266
1318.397
1311.200
1308.207
1314.615
1255.380
1101.493
1097.206
1147.884
1415.669
1315.173
1324.666
1320.670
1294.143
1307.563
1314.574
1311.658
1320.526
1324.434
1309.551
1313.827
1277.862
1097.776
1102.599
1129.705
1411.635
1314.560
1319.467
1338.835
1308.284
1323.874
1328.352
1320.417
1331.615
1321.432
1306.883
1255.214
1094.118
1100.396
1114.150
1395.862
1323.770
1329.365
1326.338
1339.943
1330.201
1352.404
1606.341
1729.367
1770.552
1850.979
1811.688
1616.870
1602.223
1596.858
1916.015
1848.465
1804.319
1830.797
1815.639
1817.787
1818.342
1807.676
1777.568
1412.253
1331.160
1320.131
1293.249
1101.927
1096.229
1091.846
1389.215
1349.311
1325.929
1325.694
1317.969
1332.644
1318.007
1310.830
1313.581
1325.432
1312.042
1103.234
1103.666
1096.562
1382.852
1347.963
1338.247
1331.234
1328.692
1323.532
1356.191
1317.897
1316.467
1358.374
1301.567
1107.621
1108.059
1101.637
1388.913
1321.231
1350.037
1322.286
1332.775
1323.633
1314.991
1310.988
1340.555
1302.166
1304.972
1093.786
1089.764
1093.692
1347.381
1334.884
1314.003
1329.197
1316.795
1323.739
1324.258
1322.037
1309.652
1333.944
1324.351
1312.938
1356.766
1098.770
1096.788
1093.503
1355.042
1332.082
1321.782
1311.126
1322.684
1339.132
1331.344
1321.505
1331.232
1326.328
1349.019
1329.013
1119.913
1094.554
1334.896
1346.929
1343.757
1342.999
1337.678
1328.849
1324.940
1331.191
1321.951
1320.597
1362.469
1342.963
1128.510
1097.292
1093.399
1328.814
1351.645
1348.432
1335.476
1339.654
1324.589
1332.585
1327.846
1313.178
1321.466
1303.111
1324.479
1316.479
1134.244
1091.518
1092.353
1283.472
1342.511
1331.830
1315.281
1335.216
1304.789
1277.313
1468.469
1523.101
1491.923
1479.358
1502.139
1483.935
1507.499
1479.946
1476.987
1508.728
1486.690
1490.317
1517.092
1289.665
1279.788
1260.372
1510.212
1487.253
1485.155
1484.268
1492.491
1495.235
1474.108
1465.680
1465.886
1448.271
1446.554
1485.693
1454.259
1272.180
1272.953
1271.983
1500.555
1480.447
1367.843
1271.425
1572.119
1465.647
1498.099
1470.375
1473.871
1482.859
1463.932
1483.713
1468.438
1482.905
1464.323
1472.187
1469.812
1474.972
1447.969
1451.620
1430.715
1418.963
1430.294
1414.754
1408.861
1425.463
1415.483
1425.369
1411.546
1422.904
1425.940
1411.636
1409.422
1413.183
1415.573
1429.801
1391.331
1384.639
1412.662
1441.544
1404.162
1411.630
1422.792
1367.374
1357.821
1379.762
1363.061
1342.865
1373.739
1334.854
1374.417
1365.766
1375.717
1228.611
1184.672
1420.485
1373.617
1369.714
1360.601
1366.863
1354.781
1354.708
1339.419
1350.694
1332.451
1340.325
1342.550
1350.065
1347.348
1357.062
1345.748
1341.616
1346.953
1335.492
1342.106
1340.733
1346.702
1344.980
1353.690
1350.092
1357.449
1342.938
1350.968
1336.047
1337.046
1332.761
1496.965
1676.093
1745.675
1732.164
1741.331
1764.470
1949.442
1898.700
1884.094
1885.711
1893.087
1890.307
1879.239
1890.828
1892.011
1903.531
1892.058
1590.473
1442.642
1432.203
1428.659
1417.776
1414.772
1415.353
1415.168
1414.820
1417.137
1412.189
1417.045
1430.463
1435.047
1428.822
1425.818
1427.747
1425.628
1410.815
1399.734
1405.883
1413.255
1403.313
1397.141
1408.948
1394.149
1389.279
1392.755
1374.589
1388.909
1379.543
1362.886
1373.487
1351.624
1351.328
1349.799
1347.637
1351.347
1349.736
1346.704
1348.758
1347.460
1343.544
1345.176
1353.402
1347.220
1355.051
1355.557
1350.732
1354.156
1352.793
1349.236
1344.510
1344.334
1337.556
1336.855
1341.953
1344.666
1328.722
1337.856
1333.004
1334.403
1328.648
1331.406
1328.821
1329.286
1318.961
1329.317
1317.507
1327.965
1324.289
1330.147
1331.375
1332.409
1331.304
1335.462
1331.133
1512.662
1556.506
1378.404
1361.960
1360.782
1365.031
1370.791
1371.423
1362.714
1373.495
1371.210
1370.588
1364.026
1368.345
1367.321
1363.450
1358.209
1361.445
1370.692
1344.120
1270.700
1274.939
1347.741
1332.617
1332.460
1331.457
1445.547
1445.280
1501.470
1504.189
1316.127
1386.625
1354.370
1281.836
1182.070
1171.309
1321.596
1265.532
1239.412
1245.450
1245.240
1260.559
1258.154
1237.059
1241.647
1250.795
1247.403
1162.646
1095.412
1093.591
1183.567
1317.012
1258.888
1251.387
1268.250
1217.693
1254.213
1254.604
1239.859
1251.843
1257.823
1266.099
1244.942
1175.810
1098.909
1098.078
1197.042
1267.940
1246.683
1240.789
1271.261
1260.562
1265.899
1269.974
1269.597
1256.882
1267.449
1261.787
1157.756
1086.936
1091.884
1218.009
1325.919
1280.128
1255.302
1272.459
1269.793
1276.429
1283.914
1316.268
1282.954
1285.078
1282.158
1269.788
1155.932
1091.665
1090.532
1232.212
1350.116
1280.320
1303.444
1290.361
1295.259
1289.422
1303.943
1303.273
1281.391
1313.111
1133.881
1085.586
1089.455
1495.359
1725.663
1778.233
1781.373
1802.294
1841.923
1808.461
1811.360
1801.317
1785.645
1780.869
1779.813
1786.698
1597.561
1557.266
1553.039
1738.167
1320.205
1319.868
1339.944
1325.574
1314.323
1330.954
1329.311
1323.281
1331.463
1116.753
1120.378
1314.799
1346.021
1331.193
1322.577
1306.875
1328.584
1328.421
1348.928
1331.290
1325.036
1315.217
1108.218
1085.402
1086.702
1310.150
1333.327
1320.735
1333.073
1306.328
1312.024
1312.271
1320.110
1305.215
1333.617
1321.069
1321.443
1101.136
1083.826
1312.626
1325.155
1335.371
1338.010
1336.148
1325.328
1316.740
1330.917
1313.663
1091.539
1088.907
1081.819
1338.706
1328.588
1334.746
1302.853
1303.498
1315.682
1308.874
1300.197
1302.609
1326.649
1305.050
1289.902
1334.975
1552.211
1508.418
1516.707
1509.929
1491.067
1482.987
1478.029
1485.977
1453.340
1447.880
1463.719
1462.122
1253.907
1351.068
1524.820
1469.963
1437.865
1459.883
1466.195
1431.942
1458.730
1447.531
1445.691
1445.204
1429.735
1318.966
1246.939
1351.507
1502.597
1445.068
1444.632
1445.481
1467.643
1453.368
1445.120
1447.961
1449.874
1464.060
1461.212
1464.508
1457.450
1450.469
1451.338
1444.958
1418.490
1441.756
1476.142
1470.505
1455.913
1475.850
1439.850
1441.003
1430.115
1434.127
1420.936
1420.920
1364.919
1396.225
1722.089
1796.777
1835.384
1808.429
1803.679
1791.330
1797.985
1780.205
1777.146
1756.938
1751.662
1750.468
1572.947
1325.040
1329.864
1316.046
1323.848
1313.167
1316.542
1318.997
1330.296
1322.925
1330.217
1319.204
1318.421
1324.370
1325.192
1334.310
1324.103
1320.821
1321.306
1321.759
1326.251
1332.853
1326.249
1328.471
1319.585
1320.550
1325.438
1334.510
1323.879
1330.325
1320.050
1314.938
1321.832
1318.357
1325.778
1328.117
1331.671
1337.740
1497.534
1368.047
1366.619
1367.797
1372.844
1374.161
1367.300
1366.454
1374.650
1375.216
1374.957
1367.480
1361.520
1362.625
1367.085
1284.711
1274.703
1330.272
1330.682
1311.568
1415.116
1499.053
1533.503
1592.773
1655.124
1717.925
1566.779
1443.675
1434.524
1449.105
1450.177
1449.329
1450.567
1443.991
1436.617
1442.590
1447.840
1446.942
1444.676
1439.985
1437.802
1427.050
1315.697
1372.022
1367.391
1363.674
1350.565
1249.913
1183.956
1088.008
1078.749
1327.994
1203.038
1210.684
1196.753
1211.812
1196.106
1213.409
1230.348
1230.294
1216.332
1230.417
1199.214
1083.107
1089.780
1102.635
1356.196
1232.064
1266.688
1246.490
1256.024
1250.995
1269.764
1247.451
1247.955
1246.219
1425.267
1607.877
1639.875
1577.418
1597.402
1645.016
1885.460
1768.332
1735.962
1763.897
1749.310
1727.517
1744.379
1740.281
1742.684
1720.160
1606.995
1274.985
1194.374
1104.593
1109.395
1138.328
1378.795
1266.595
1264.949
1274.355
1277.125
1255.407
1257.279
1262.656
1281.844
1279.668
1274.216
1199.216
1096.707
1089.450
1154.803
1376.008
1287.803
1271.634
1281.991
1292.386
1268.353
1251.674
1290.455
1285.795
1286.407
1272.219
1281.853
1177.061
1085.462
1084.846
1143.138
1406.397
1300.022
1257.719
1295.204
1280.586
1272.562
1269.072
1299.722
1274.121
1292.048
1278.225
1277.176
1180.069
1087.084
1080.449
1169.253
1367.989
1281.307
1285.888
1319.812
1289.744
1282.213
1286.282
1313.846
1291.196
1294.819
1301.834
1297.437
1083.564
1085.954
1166.351
1393.870
1316.020
1285.216
1289.032
1311.396
1281.841
1271.819
1307.915
1292.104
1278.076
1284.958
1277.575
1144.286
1068.151
1072.111
1182.547
1360.071
1301.178
1272.075
1283.211
1279.340
1288.981
1279.169
1296.673
1293.474
1288.836
1270.148
1290.830
1142.181
1073.385
1079.113
1195.517
1350.089
1312.967
1273.632
1281.135
1279.865
1294.892
1286.641
1293.264
1306.234
1285.987
1283.220
1408.499
1486.911
1496.813
1555.419
1739.431
1880.109
1832.306
1849.967
1828.357
1792.387
1800.226
1792.517
1776.685
1776.175
1797.755
1789.813
1743.066
1656.508
1504.989
1495.352
1490.837
1473.966
1488.909
1490.771
1460.875
1481.946
1481.656
1468.989
1473.388
1401.069
1261.904
1266.468
1555.812
1447.491
1485.248
1471.111
1475.511
1471.673
1457.584
1452.283
1460.861
1452.895
1466.162
1465.065
1411.419
1269.943
1274.891
1548.907
1452.952
1473.136
1463.538
1473.439
1459.475
1473.353
1473.901
1456.451
1487.653
1465.962
1452.735
1445.030
1454.045
1441.720
1431.292
1424.780
1434.021
1434.987
1448.193
1425.063
1430.135
1420.362
1430.730
1428.661
1415.118
1411.172
1421.645
1413.375
1422.645
1428.573
1408.989
1389.545
1382.254
1386.900
1385.438
1363.194
1367.580
1375.446
1348.195
1346.895
1361.156
1339.168
1358.480
1367.821
1350.563
1339.937
1344.555
1338.493
1343.349
1335.829
1330.185
1328.847
1336.154
1323.547
1336.328
1329.978
1333.851
1322.650
1327.250
1320.607
1318.577
1314.336
1320.834
1323.303
1321.982
1333.668
1325.962
1328.153
1318.569
1321.807
1433.626
1649.668
1700.295
1766.288
1805.972
1827.339
1823.241
1811.316
1806.580
1795.952
1769.748
1773.083
1776.383
1782.611
1771.839
1766.206
1619.357
1554.833
1376.629
1364.388
1356.657
1359.810
1360.390
1355.747
1362.070
1365.579
1368.329
1360.831
1358.953
1354.751
1365.385
1356.870
1307.327
1268.171
1301.805
1338.124
1323.893
1321.337
1359.455
1497.893
1526.464
1571.868
1616.350
1680.984
1632.240
1436.672
1422.323
1434.803
1436.459
1432.281
1443.393
1435.163
1449.594
1446.287
1440.515
1436.495
1431.967
1422.715
1429.686
1428.406
1424.238
1418.119
1417.843
1277.382
1371.766
1363.124
1360.869
1327.664
1291.691
1112.265
1208.119
1211.350
1219.411
1225.260
1201.429
1230.267
1216.775
1209.691
1228.786
1213.660
1209.163
1070.718
1066.172
1296.609
1215.812
1223.831
1208.243
1211.986
1228.197
1189.090
1217.493
1223.701
1203.214
1213.557
1152.297
1085.252
1078.719
1156.153
1298.656
1229.960
1240.541
1233.816
1224.161
1238.073
1235.899
1233.454
1231.080
1470.050
1600.845
1598.507
1607.833
1710.753
1820.913
1773.468
1746.364
1743.709
1727.027
1730.845
1711.275
1731.492
1675.397
1259.901
1242.946
1164.130
1095.528
1088.291
1201.157
1275.251
1264.395
1253.602
1272.757
1278.062
1257.790
1253.298
1262.720
1260.331
1264.917
1149.384
1101.477
1100.181
1306.631
1264.704
1302.579
1289.642
1286.815
1277.900
1271.526
1272.321
1277.640
1092.422
1099.124
1249.568
1304.971
1280.515
1274.652
1294.059
1292.791
1271.748
1297.118
1287.337
1291.256
1283.311
1125.626
1074.394
1284.742
1301.333
1302.796
1253.854
1264.562
1283.032
1277.358
1277.021
1287.012
1295.266
1273.698
1274.140
1116.133
1079.155
1074.495
1285.301
1315.597
1306.854
1275.452
1266.455
1280.789
1304.069
1291.887
1268.335
1295.542
1287.300
1296.348
1284.282
1099.672
1073.452
1069.485
1297.567
1288.612
1283.268
1279.306
1271.635
1283.204
1284.183
1286.369
1285.036
1280.272
1284.203
1279.455
1075.774
1060.077
1064.462
1317.404
1289.616
1308.202
1306.744
1278.241
1253.763
1606.298
1689.761
1662.261
1943.637
1987.312
1988.568
1965.055
1896.855
1916.181
1887.528
1914.828
1907.850
1880.103
1687.058
1275.986
1258.731
1493.231
1451.804
1465.800
1435.250
1434.545
1460.099
1464.027
1427.030
1493.831
1436.350
1442.707
1413.181
1254.663
1254.512
1291.786
1561.201
1454.144
1446.105
1440.923
1453.156
1466.731
1467.660
1450.463
1471.763
1455.504
1447.667
1455.429
1439.284
1439.208
1416.722
1438.610
1415.331
1434.033
1442.288
1451.909
1431.042
1387.755
1399.728
1407.948
1379.847
1384.338
1387.221
1372.651
1380.385
1380.209
1378.510
1375.546
1375.688
1367.089
1354.245
1364.306
1373.691
1367.312
1365.522
1337.200
1339.130
1326.743
1323.207
1327.809
1321.059
1324.752
1314.307
1205.491
1143.679
1297.830
1317.615
1310.042
1306.240
1304.313
1314.507
1314.478
1321.128
1319.952
1310.127
1313.309
1306.985
1313.635
1322.098
1337.077
1354.665
1343.420
1335.613
1337.897
1327.064
1306.328
1312.147
1319.078
1314.399
1317.234
1316.602
1309.322
1313.461
1307.481
1315.397
1299.504
1248.769
1247.074
1352.546
1415.025
1410.625
1571.355
1732.048
1797.754
1846.708
1894.488
1934.901
1921.316
1924.286
1887.640
1869.739
1869.617
1888.193
1859.095
1861.111
1637.864
1414.733
1412.393
1408.829
1410.910
1410.901
1392.017
1406.044
1394.505
1392.746
1389.162
1388.015
1385.274
1364.038
1353.437
1348.926
1358.529
1365.067
1355.460
1352.041
1358.399
1355.267
1345.693
1375.418
1372.423
1359.077
1357.394
1348.227
1337.785
1338.636
1328.047
1335.252
1341.702
1341.426
1338.566
1338.286
1334.314
1330.675
1328.878
1337.196
1324.286
1328.888
1329.297
1323.205
1329.750
1324.781
1319.974
1326.572
1318.829
1330.231
1329.221
1326.937
1329.481
1322.965
1320.185
1327.831
1320.832
1324.984
1325.551
1328.917
1326.292
1328.254
1330.132
1330.037
1325.139
1330.413
1318.972
1600.069
1437.156
1353.751
1362.927
1357.316
1355.254
1357.601
1347.972
1345.694
1347.384
1353.859
1356.248
1357.040
1360.887
1357.891
1355.190
1349.250
1251.554
1248.618
1333.034
1311.826
1311.492
1280.986
1224.258
1341.154
1542.648
1483.340
1517.206
1585.947
1497.438
1463.404
1467.571
1449.869
1457.016
1451.203
1450.137
1450.455
1442.490
1440.770
1665.647
1753.466
1821.317
1877.007
1918.891
1945.000
1943.705
1942.073
1920.936
1915.227
1889.199
1846.266
1862.142
1861.175
1826.753
2003.160
1863.608
1608.899
1633.426
1608.551
1487.195
1481.525
1494.687
1496.406
1484.563
1489.134
1491.865
1487.988
1491.538
1490.182
1483.848
1488.953
1494.358
1579.594
1834.749
1882.296
1939.067
2055.621
2089.571
2097.571
2099.038
2090.804
2115.629
2134.918
2100.793
1853.671
1717.358
1990.819
1999.076
1947.692
1917.414
1918.846
1897.765
1907.662
1893.342
1890.206
1860.039
1829.854
1838.344
1804.033
1780.346
1767.326
1757.592
1743.032
1252.347
1252.342
1256.285
1250.321
1248.490
1256.674
1259.700
1255.264
1260.658
1256.833
1252.104
1249.835
1254.663
1323.356
1406.890
1393.223
1384.726
1375.943
1376.399
1376.322
1379.259
1382.175
1382.869
1385.705
1380.259
1383.664
1385.148
1384.414
1377.636
1380.690
1378.610
1391.458
1390.275
1392.651
1456.049
1507.605
1509.560
1520.160
1541.903
1838.008
1855.665
1833.607
1887.903
1936.918
1951.586
1947.088
1936.185
1923.066
1915.188
1898.425
1890.901
1895.806
1895.825
1905.630
1902.621
1900.432
1494.406
1457.978
1455.621
1597.669
1758.837
1793.015
1842.142
1884.976
1931.320
1957.399
2001.190
2104.205
2083.288
2049.774
1709.862
1668.605
1693.411
1688.146
1698.795
1695.790
1704.423
1693.888
1695.656
1688.025
1691.597
1699.898
1703.085
1712.789
1723.632
1718.094
1722.618
1720.591
1724.197
1719.408
1728.141
1725.499
1725.886
1722.226
1727.063
1722.117
1723.851
1712.434
1711.992
1808.077
1917.467
1926.745
1943.134
1976.840
2004.012
2098.085
2080.430
2086.175
2078.237
2077.941
2066.829
2078.147
2083.292
2082.398
2092.551
2088.014
2104.317
2087.538
2095.407
2092.431
2078.862
2093.186
2084.453
2079.878
2081.782
2077.851
2084.648
2101.143
2087.917
2081.213
2078.961
2073.224
2066.762
2086.733
2092.976
2079.871
2086.952
2085.536
2090.514
2084.687
2071.578
2087.782
2078.020
2078.223
2085.159
2091.235
2086.670
2086.181
2089.879
2076.256
2098.326
2088.801
2069.009
2079.729
2072.544
2067.512
2089.040
2076.119
2081.697
2070.572
2067.784
2076.330
2074.811
2084.615
2388.420
2469.665
2524.387
2556.585
2564.843
2566.158
2556.530
2550.513
2536.967
2553.468
2553.967
2571.708
2554.661
2550.480
2549.801
2187.177
2093.391
2085.327
2109.677
2090.160
2098.466
2078.625
2081.405
2067.720
2069.133
2072.091
2080.238
2088.005
2074.079
2079.233
2075.709
2069.500
2071.955
2075.052
2066.080
2057.764
2049.909
2066.945
2056.564
2059.223
2055.711
2075.685
2064.218
2065.803
2073.156
2064.798
2063.650
2079.776
2078.200
2079.001
2075.443
2061.872
2079.870
2058.214
2056.506
2066.964
2059.412
2062.616
2068.259
2061.597
2062.969
2071.603
2064.117
2066.563
2058.767
2083.738
2077.761
2065.383
2072.194
2069.430
2075.461
2067.940
2063.312
2076.269
2073.734
2092.535
2089.690
2087.968
2073.476
2062.815
2062.862
2079.508
2060.694
2069.742
2053.166
2053.923
2039.314
2072.928
2050.951
2044.542
2077.976
2052.734
2058.490
2056.086
2058.891
2055.833
2065.913
2043.752
2060.250
2047.626
2058.416
2063.114
2055.341
2061.406
2065.547
2054.435
2055.263
2053.802
2069.445
2061.658
2048.104
2051.645
2059.870
2055.089
2043.388
2057.407
2041.967
2065.940
2064.440
2063.958
2049.881
2053.086
2046.844
2044.588
2057.915
2046.500
2039.956
2048.995
2047.041
2048.301
2045.607
1763.149
1541.275
1446.519
1368.328
1357.820
1357.984
1351.856
1349.916
1347.147
1340.560
1336.932
1258.403
1178.128
1077.131
1077.673
1080.295
1078.716
