1.71543090e+03
1.70242040e+03
1.68804390e+03
1.69144280e+03
1.70237230e+03
1.68415580e+03
1.66645090e+03
1.23750830e+03
1.24183850e+03
1.23816140e+03
1.17230211e+03
1.15593746e+03
1.15412667e+03
1.27082840e+03
1.23701860e+03
1.26614060e+03
1.24000210e+03
1.25042570e+03
1.24293880e+03
1.25083100e+03
1.25204370e+03
1.24703120e+03
1.25221520e+03
1.25126110e+03
1.24771220e+03
1.25125600e+03
1.17106894e+03
1.16180264e+03
1.15673788e+03
1.28393650e+03
1.25808830e+03
1.25893180e+03
1.26871180e+03
1.25878600e+03
1.24154090e+03
1.25729120e+03
1.26177080e+03
1.25725410e+03
1.23719900e+03
1.26011290e+03
1.26973810e+03
1.25103540e+03
1.19695669e+03
1.14950684e+03
1.15508671e+03
1.26807240e+03
1.26491950e+03
1.27164230e+03
1.25299520e+03
1.25567980e+03
1.26229080e+03
1.25176440e+03
1.25541650e+03
1.25615240e+03
1.25416640e+03
1.25212060e+03
1.26225990e+03
1.25365050e+03
1.16767378e+03
1.13369840e+03
1.13801498e+03
1.25525780e+03
1.25825410e+03
1.25832280e+03
1.26241530e+03
1.24052370e+03
1.25666650e+03
1.27494660e+03
1.28294750e+03
1.27775040e+03
1.25865130e+03
1.26290570e+03
1.28930430e+03
1.27644610e+03
1.16992397e+03
1.14942339e+03
1.14909123e+03
1.25920950e+03
1.30159100e+03
1.27170540e+03
1.26868810e+03
1.26805540e+03
1.28066920e+03
1.28366780e+03
1.28151150e+03
1.27727600e+03
1.27771810e+03
1.27501300e+03
1.28395540e+03
1.29034750e+03
1.20709419e+03
1.16079586e+03
1.16653956e+03
1.57656770e+03
1.68130050e+03
1.71166710e+03
1.74566550e+03
1.76928160e+03
1.79253220e+03
1.78299350e+03
1.76515480e+03
1.75426540e+03
1.73508520e+03
1.35071520e+03
1.28119850e+03
1.29014510e+03
1.18270740e+03
1.13961814e+03
1.14368925e+03
1.26959400e+03
1.29419370e+03
1.29701970e+03
1.28565110e+03
1.28836690e+03
1.28666910e+03
1.28116730e+03
1.28443310e+03
1.28704910e+03
1.29873760e+03
1.28872610e+03
1.29491100e+03
1.18984304e+03
1.15634945e+03
1.15556796e+03
1.29486330e+03
1.30121620e+03
1.29843670e+03
1.29713830e+03
1.29235110e+03
1.29578850e+03
1.29656260e+03
1.28689520e+03
1.29571830e+03
1.30256100e+03
1.29411220e+03
1.30954920e+03
1.28929170e+03
1.15676870e+03
1.13108877e+03
1.11919769e+03
1.28186810e+03
1.27812410e+03
1.28847420e+03
1.27834480e+03
1.27862010e+03
1.26464310e+03
1.26924050e+03
1.28141910e+03
1.27695270e+03
1.28444860e+03
1.27279180e+03
1.27981010e+03
1.27818190e+03
1.17511624e+03
1.14151175e+03
1.13610152e+03
1.30172970e+03
1.31120440e+03
1.29737230e+03
1.29025650e+03
1.28533480e+03
1.29973940e+03
1.30494590e+03
1.30384690e+03
1.30167330e+03
1.29243840e+03
1.29167540e+03
1.30971530e+03
1.16996368e+03
1.14689934e+03
1.14263680e+03
1.30770280e+03
1.31463070e+03
1.32098370e+03
1.32123000e+03
1.31743990e+03
1.30107040e+03
1.30817720e+03
1.31257020e+03
1.32872130e+03
1.30952220e+03
1.30616540e+03
1.17593470e+03
1.48702034e+03
1.54468323e+03
1.77570810e+03
1.80690450e+03
1.82278040e+03
1.82322580e+03
1.82027760e+03
1.79415380e+03
1.79762510e+03
1.78572800e+03
1.79382990e+03
1.71222710e+03
1.29916270e+03
1.31276160e+03
1.30435290e+03
1.14660233e+03
1.14124329e+03
1.13162695e+03
1.35563950e+03
1.31206160e+03
1.32225440e+03
1.32069310e+03
1.32035850e+03
1.32363390e+03
1.31412680e+03
1.30600050e+03
1.30604790e+03
1.31155080e+03
1.32108750e+03
1.31818710e+03
1.29672040e+03
1.13073143e+03
1.13814277e+03
1.14121835e+03
1.37225040e+03
1.30415000e+03
1.31151890e+03
1.30452210e+03
1.31022080e+03
1.29954170e+03
1.30545480e+03
1.31218280e+03
1.30288030e+03
1.29795670e+03
1.29469850e+03
1.29620360e+03
1.12718587e+03
1.13291946e+03
1.12462681e+03
1.34723240e+03
1.30885410e+03
1.30897710e+03
1.31661940e+03
1.31278850e+03
1.31120560e+03
1.29722810e+03
1.30753120e+03
1.32614040e+03
1.33143680e+03
1.32497040e+03
1.31956270e+03
1.14179032e+03
1.15196068e+03
1.14631182e+03
1.37196910e+03
1.31826830e+03
1.31097940e+03
1.32265890e+03
1.32020680e+03
1.32586410e+03
1.31225190e+03
1.31594750e+03
1.31472260e+03
1.32054210e+03
1.30440650e+03
1.31509030e+03
1.31086360e+03
1.14118108e+03
1.13780372e+03
1.14298856e+03
1.36327840e+03
1.35543660e+03
1.67085450e+03
1.70894900e+03
1.76350100e+03
1.80536740e+03
1.81628840e+03
1.80890730e+03
1.80199400e+03
1.79024240e+03
1.79275730e+03
1.77365240e+03
1.70126400e+03
1.15141430e+03
1.13620669e+03
1.13170753e+03
1.33745160e+03
1.32177320e+03
1.31713540e+03
1.30071310e+03
1.32090140e+03
1.31667400e+03
1.32648860e+03
1.32334870e+03
1.29826390e+03
1.31209980e+03
1.32208390e+03
1.33261070e+03
1.30943360e+03
1.15495706e+03
1.13457925e+03
1.14104839e+03
1.33608090e+03
1.31493350e+03
1.31417910e+03
1.31312610e+03
1.32107080e+03
1.31953420e+03
1.31599920e+03
1.31666630e+03
1.30385670e+03
1.13705087e+03
1.33115070e+03
1.30866260e+03
1.29579590e+03
1.30445750e+03
1.30463820e+03
1.30208480e+03
1.29593590e+03
1.29804510e+03
1.30497610e+03
1.29914500e+03
1.29374790e+03
1.28351410e+03
1.29437040e+03
1.13084402e+03
1.13525764e+03
1.13167137e+03
1.36137350e+03
1.33013490e+03
1.32031500e+03
1.30858480e+03
1.32544210e+03
1.33176300e+03
1.31501930e+03
1.31657800e+03
1.30740220e+03
1.32680900e+03
1.32204710e+03
1.31731350e+03
1.30819350e+03
1.13489277e+03
1.13722845e+03
1.36883000e+03
1.31621030e+03
1.31456910e+03
1.31745580e+03
1.31661500e+03
1.32223110e+03
1.31026980e+03
1.31059320e+03
1.30384580e+03
1.65596010e+03
1.71290780e+03
1.75833110e+03
1.78435570e+03
1.64351264e+03
1.65224982e+03
1.63675667e+03
1.86923480e+03
1.78937790e+03
1.78516110e+03
1.79100590e+03
1.72868720e+03
1.33692510e+03
1.32765150e+03
1.30371550e+03
1.31005010e+03
1.31497180e+03
1.32326780e+03
1.31843790e+03
1.30632970e+03
1.14121558e+03
1.14344497e+03
1.15089327e+03
1.40502930e+03
1.31727030e+03
1.31799850e+03
1.31579560e+03
1.32393770e+03
1.31362590e+03
1.30924830e+03
1.31270840e+03
1.31333490e+03
1.31559920e+03
1.31966290e+03
1.30186240e+03
1.29029900e+03
1.14347884e+03
1.15062882e+03
1.14427338e+03
1.36351160e+03
1.31130460e+03
1.30437280e+03
1.31439890e+03
1.30862600e+03
1.30775450e+03
1.30239120e+03
1.30238710e+03
1.30904570e+03
1.30218090e+03
1.30480370e+03
1.30063380e+03
1.29117980e+03
1.12829570e+03
1.12847833e+03
1.12566318e+03
1.36192900e+03
1.30977240e+03
1.32588370e+03
1.32126180e+03
1.33216250e+03
1.31994410e+03
1.31207660e+03
1.31653050e+03
1.30873370e+03
1.31968550e+03
1.30738380e+03
1.32616280e+03
1.32685100e+03
1.14720727e+03
1.14945246e+03
1.37865310e+03
1.33248950e+03
1.33271180e+03
1.32091830e+03
1.32941370e+03
1.31881550e+03
1.38748610e+03
1.43001790e+03
1.52948580e+03
1.48890640e+03
1.45775610e+03
1.45535760e+03
1.59523200e+03
1.84277220e+03
1.86516530e+03
1.91535700e+03
1.94390420e+03
1.95549760e+03
1.93876180e+03
1.93161390e+03
1.86392930e+03
1.78219140e+03
1.78444810e+03
1.81490170e+03
1.62697060e+03
1.45709780e+03
1.44437360e+03
1.43388230e+03
1.43652290e+03
1.43731990e+03
1.43069430e+03
1.42808410e+03
1.42739510e+03
1.42240510e+03
1.42082950e+03
1.42358730e+03
1.29346920e+03
1.28785170e+03
1.34559140e+03
1.48697090e+03
1.42627230e+03
1.41535460e+03
1.34064400e+03
1.29356290e+03
1.48704410e+03
1.42198840e+03
1.41988280e+03
1.42832120e+03
1.43533160e+03
1.42879980e+03
1.42774960e+03
1.42264860e+03
1.43243290e+03
1.43122810e+03
1.43816340e+03
1.43610480e+03
1.43123110e+03
1.44098510e+03
1.42649700e+03
1.40789830e+03
1.39225890e+03
1.41726060e+03
1.40725320e+03
1.40809320e+03
1.41449980e+03
1.43156850e+03
1.43565540e+03
1.44067280e+03
1.42588550e+03
1.41338250e+03
1.40288150e+03
1.39706390e+03
1.39046760e+03
1.38924990e+03
1.39428120e+03
1.37443750e+03
1.37599330e+03
1.38573640e+03
1.37627640e+03
1.37237850e+03
1.37087180e+03
1.37750590e+03
1.37637240e+03
1.37822470e+03
1.37334390e+03
1.35949790e+03
1.37217860e+03
1.36067640e+03
1.37320560e+03
1.35990030e+03
1.35767240e+03
1.37233570e+03
1.36771970e+03
1.36876530e+03
1.36564740e+03
1.64602340e+03
1.77242200e+03
1.81581970e+03
1.85653580e+03
1.86440860e+03
1.87815970e+03
1.87171250e+03
1.85089790e+03
1.84468330e+03
1.83767930e+03
1.84143100e+03
1.82591980e+03
1.38667410e+03
1.37277290e+03
1.36423500e+03
1.35803020e+03
1.36336520e+03
1.36652480e+03
1.36251220e+03
1.35024830e+03
1.36080520e+03
1.36290130e+03
1.37043070e+03
1.36713540e+03
1.35506290e+03
1.36698010e+03
1.35888340e+03
1.37364500e+03
1.36940500e+03
1.37087670e+03
1.36241890e+03
1.36862050e+03
1.36590490e+03
1.35907370e+03
1.36421640e+03
1.36975850e+03
1.53606240e+03
1.46520090e+03
1.37960970e+03
1.38604240e+03
1.38770300e+03
1.38861880e+03
1.38262070e+03
1.38423220e+03
1.37738020e+03
1.39117640e+03
1.38655710e+03
1.37618650e+03
1.38370300e+03
1.38020420e+03
1.38293350e+03
1.37733220e+03
1.37829160e+03
1.37925610e+03
1.38239500e+03
1.29658600e+03
1.28754040e+03
1.38257140e+03
1.36319030e+03
1.36516900e+03
1.35610750e+03
1.35771730e+03
1.36277680e+03
1.36941520e+03
1.36394470e+03
1.36183890e+03
1.37130110e+03
1.37279450e+03
1.37256090e+03
1.35857640e+03
1.37052610e+03
1.37183270e+03
1.37137140e+03
1.37046140e+03
1.37568800e+03
1.37365530e+03
1.37824410e+03
1.70055540e+03
1.77744010e+03
1.83463900e+03
1.85727620e+03
1.87278850e+03
1.84955820e+03
1.85290450e+03
1.85608950e+03
1.84122400e+03
1.82963650e+03
1.83010640e+03
1.68914540e+03
1.36614790e+03
1.36193270e+03
1.35582980e+03
1.35423620e+03
1.36057380e+03
1.36108110e+03
1.36686570e+03
1.36086300e+03
1.36897030e+03
1.37484790e+03
1.37374380e+03
1.37687730e+03
1.36166310e+03
1.37702590e+03
1.37547170e+03
1.36661630e+03
1.36443140e+03
1.37076460e+03
1.37769800e+03
1.37271030e+03
1.37085250e+03
1.36200910e+03
1.36768630e+03
1.36543960e+03
1.36474970e+03
1.35291100e+03
1.35169070e+03
1.35942730e+03
1.35239060e+03
1.34781530e+03
1.33833140e+03
1.35094730e+03
1.35265570e+03
1.16060016e+03
1.26120280e+03
1.24270750e+03
1.22306240e+03
1.22781400e+03
1.22402230e+03
1.22054540e+03
1.22396270e+03
1.23239000e+03
1.21378720e+03
1.23987700e+03
1.24111450e+03
1.17161749e+03
1.14691610e+03
1.14138059e+03
1.27666810e+03
1.26548220e+03
1.25546900e+03
1.22657960e+03
1.25820540e+03
1.25926860e+03
1.24766750e+03
1.25110160e+03
1.27038990e+03
1.26177500e+03
1.26847430e+03
1.26485870e+03
1.25553020e+03
1.17631200e+03
1.15246270e+03
1.15041022e+03
1.28598270e+03
1.27203870e+03
1.63889840e+03
1.69187490e+03
1.74253730e+03
1.78056660e+03
1.76717750e+03
1.78336790e+03
1.76439680e+03
1.75504120e+03
1.75668890e+03
1.74349080e+03
1.62109140e+03
1.17494722e+03
1.15529513e+03
1.15091547e+03
1.30725130e+03
1.31294880e+03
1.30364690e+03
1.29621690e+03
1.29414680e+03
1.28670830e+03
1.29769640e+03
1.30821020e+03
1.30848940e+03
1.30643050e+03
1.30345330e+03
1.29706410e+03
1.31624620e+03
1.16914069e+03
1.16143584e+03
1.15415976e+03
1.32531370e+03
1.31812980e+03
1.31582690e+03
1.32544140e+03
1.31159030e+03
1.30653020e+03
1.29709090e+03
1.31370460e+03
1.29773960e+03
1.30193050e+03
1.31017780e+03
1.31060610e+03
1.30771070e+03
1.13983778e+03
1.12886526e+03
1.12230869e+03
1.32993200e+03
1.32277440e+03
1.31060720e+03
1.31259050e+03
1.33137350e+03
1.31802690e+03
1.32737180e+03
1.33233960e+03
1.32853650e+03
1.34237400e+03
1.32646890e+03
1.35028460e+03
1.33611770e+03
1.14030254e+03
1.10402735e+03
1.33215900e+03
1.32016720e+03
1.31579400e+03
1.31802890e+03
1.31639280e+03
1.32488280e+03
1.31164820e+03
1.30002630e+03
1.31209340e+03
1.32145850e+03
1.31721460e+03
1.30126080e+03
1.38976856e+03
1.53906066e+03
1.78033010e+03
1.82170570e+03
1.83852260e+03
1.83370110e+03
1.81898040e+03
1.81029570e+03
1.79524710e+03
1.79905700e+03
1.79020790e+03
1.77975600e+03
1.33533240e+03
1.31863830e+03
1.32260530e+03
1.18114404e+03
1.15485714e+03
1.14881713e+03
1.33100940e+03
1.34529610e+03
1.34723330e+03
1.34958120e+03
1.34487830e+03
1.34443280e+03
1.35311810e+03
1.35001390e+03
1.35320440e+03
1.34324340e+03
1.33382010e+03
1.34792610e+03
1.35778450e+03
1.15229234e+03
1.14289068e+03
1.14542185e+03
1.34051300e+03
1.34410840e+03
1.34372810e+03
1.34378890e+03
1.32817100e+03
1.32379920e+03
1.32907680e+03
1.32043630e+03
1.32967290e+03
1.32879380e+03
1.32621460e+03
1.33129530e+03
1.13286543e+03
1.13280539e+03
1.12436386e+03
1.33029180e+03
1.34760870e+03
1.33942390e+03
1.33704320e+03
1.33561710e+03
1.34384710e+03
1.35034130e+03
1.34900630e+03
1.35480630e+03
1.34903090e+03
1.33745720e+03
1.34454510e+03
1.33700520e+03
1.15014187e+03
1.14556878e+03
1.14229828e+03
1.36587550e+03
1.34789270e+03
1.35606430e+03
1.35246920e+03
1.33771980e+03
1.33623590e+03
1.33888180e+03
1.34368700e+03
1.33024190e+03
1.57836830e+03
1.74290900e+03
1.79226580e+03
1.80960070e+03
1.64305906e+03
1.63124256e+03
1.62922498e+03
1.87124490e+03
1.83383200e+03
1.83105110e+03
1.81273000e+03
1.80217170e+03
1.33954200e+03
1.33624390e+03
1.34238990e+03
1.34574870e+03
1.33720050e+03
1.33058970e+03
1.33181560e+03
1.31857360e+03
1.15126601e+03
1.14689986e+03
1.14813142e+03
1.37974220e+03
1.34867980e+03
1.35309570e+03
1.36309890e+03
1.33967260e+03
1.34516270e+03
1.33548210e+03
1.34355340e+03
1.33461600e+03
1.34863580e+03
1.34556140e+03
1.29880100e+03
1.13482405e+03
1.11524955e+03
1.11463105e+03
1.38200220e+03
1.33059590e+03
1.32780670e+03
1.33015840e+03
1.32784760e+03
1.30497670e+03
1.32435330e+03
1.31244170e+03
1.32195460e+03
1.32485460e+03
1.31459470e+03
1.27193360e+03
1.11591074e+03
1.12700037e+03
1.14436233e+03
1.39073970e+03
1.35286110e+03
1.30110410e+03
1.39789310e+03
1.54351780e+03
1.50134590e+03
1.49148220e+03
1.48859140e+03
1.49761370e+03
1.48575670e+03
1.47712370e+03
1.47119740e+03
1.47578080e+03
1.47930410e+03
1.47164000e+03
1.45843240e+03
1.39293880e+03
1.30228680e+03
1.29864970e+03
1.36763830e+03
1.50617590e+03
1.47607060e+03
1.77436240e+03
1.84832790e+03
1.90966260e+03
1.94494080e+03
1.94517750e+03
1.94109730e+03
1.94222630e+03
1.91616120e+03
1.92431210e+03
1.91754240e+03
1.76097550e+03
1.30078130e+03
1.33058130e+03
1.50772900e+03
1.45562480e+03
1.45400650e+03
1.45856090e+03
1.44566770e+03
1.43687800e+03
1.44859080e+03
1.44885970e+03
1.46415630e+03
1.46380870e+03
1.46053030e+03
1.45497850e+03
1.46708740e+03
1.46254250e+03
1.47415090e+03
1.43672550e+03
1.43420410e+03
1.42859930e+03
1.41731300e+03
1.40187250e+03
1.38675010e+03
1.39201330e+03
1.40598620e+03
1.40857450e+03
1.41486670e+03
1.40003970e+03
1.38410910e+03
1.38951620e+03
1.40137060e+03
1.39468300e+03
1.37780330e+03
1.35903650e+03
1.38315850e+03
1.38341440e+03
1.36042250e+03
1.36411590e+03
1.38914040e+03
1.39256790e+03
1.35780920e+03
1.40100250e+03
1.40816650e+03
1.37501850e+03
1.41640200e+03
1.38305270e+03
1.40942830e+03
1.40666610e+03
1.37764510e+03
1.36506510e+03
1.35731010e+03
1.38248290e+03
1.36313270e+03
1.38149660e+03
1.35999530e+03
1.39225230e+03
1.36677440e+03
1.38141970e+03
1.36498860e+03
1.37694510e+03
1.37746700e+03
1.37190980e+03
1.58318210e+03
1.76939100e+03
1.86030400e+03
1.87194730e+03
1.88364930e+03
1.86633930e+03
1.87933300e+03
1.84085700e+03
1.85569100e+03
1.82341410e+03
1.84778110e+03
1.43229800e+03
1.37355580e+03
1.36202120e+03
1.36307380e+03
1.35340060e+03
1.36574650e+03
1.36411540e+03
1.36593320e+03
1.36708010e+03
1.35241000e+03
1.33375800e+03
1.28274020e+03
1.29447210e+03
1.40611160e+03
1.40114860e+03
1.40156970e+03
1.41188660e+03
1.41210040e+03
1.39737980e+03
1.40718200e+03
1.40498160e+03
1.41926110e+03
1.42383450e+03
1.41616390e+03
1.40858420e+03
1.41234620e+03
1.40130160e+03
1.40494300e+03
1.40449670e+03
1.41193410e+03
1.39799920e+03
1.38399900e+03
1.38845700e+03
1.38595690e+03
1.39791230e+03
1.26601680e+03
1.11918706e+03
1.12182586e+03
1.27905570e+03
1.26343640e+03
1.26047530e+03
1.25186660e+03
1.26012420e+03
1.26537080e+03
1.26371050e+03
1.24681610e+03
1.25596160e+03
1.27288010e+03
1.28952770e+03
1.27320870e+03
1.26477420e+03
1.15849394e+03
1.13913513e+03
1.14232605e+03
1.31081310e+03
1.26854040e+03
1.27823280e+03
1.28781590e+03
1.26664860e+03
1.26928830e+03
1.26259640e+03
1.47192300e+03
1.65768670e+03
1.71504100e+03
1.76133040e+03
1.78544590e+03
1.77020450e+03
1.65331296e+03
1.63090179e+03
1.63047119e+03
1.79251460e+03
1.75368890e+03
1.75996410e+03
1.41232950e+03
1.27812490e+03
1.26485120e+03
1.27539230e+03
1.28200080e+03
1.27128690e+03
1.27207420e+03
1.27206560e+03
1.26982620e+03
1.27167940e+03
1.13320513e+03
1.14353290e+03
1.14264687e+03
1.37664010e+03
1.29237220e+03
1.28081350e+03
1.29286830e+03
1.28128390e+03
1.27987110e+03
1.28881750e+03
1.29053470e+03
1.29207100e+03
1.28365930e+03
1.29265320e+03
1.29604730e+03
1.28504660e+03
1.13203660e+03
1.28706730e+03
1.28245500e+03
1.28233090e+03
1.28063500e+03
1.27831500e+03
1.26997360e+03
1.27665120e+03
1.27938780e+03
1.27607210e+03
1.26958960e+03
1.27392490e+03
1.27420060e+03
1.13304752e+03
1.12829906e+03
1.12977568e+03
1.33880710e+03
1.29189770e+03
1.29043130e+03
1.30650850e+03
1.29726990e+03
1.30281540e+03
1.29998670e+03
1.29538570e+03
1.29228160e+03
1.29583700e+03
1.28256440e+03
1.27590750e+03
1.27827300e+03
1.13020132e+03
1.13320002e+03
1.13057587e+03
1.37981470e+03
1.29471590e+03
1.30457580e+03
1.30115770e+03
1.30486420e+03
1.30832710e+03
1.31094510e+03
1.50945310e+03
1.69495870e+03
1.75499450e+03
1.78385360e+03
1.80616870e+03
1.63451214e+03
1.63670522e+03
1.63584884e+03
1.86104450e+03
1.77663600e+03
1.76834030e+03
1.77271890e+03
1.43116630e+03
1.30536050e+03
1.28985780e+03
1.30476990e+03
1.31204190e+03
1.30690120e+03
1.30324910e+03
1.28763180e+03
1.28659230e+03
1.14065160e+03
1.14008256e+03
1.15680947e+03
1.38752000e+03
1.31496650e+03
1.31014410e+03
1.30468970e+03
1.32208970e+03
1.35442220e+03
1.32310600e+03
1.47445690e+03
1.46730980e+03
1.44995150e+03
1.44164520e+03
1.45687540e+03
1.43913150e+03
1.44221150e+03
1.42047820e+03
1.42560170e+03
1.42667830e+03
1.42289290e+03
1.37430040e+03
1.28423980e+03
1.29088250e+03
1.29200960e+03
1.49092160e+03
1.40343770e+03
1.42435490e+03
1.43352660e+03
1.42721820e+03
1.42986490e+03
1.42576940e+03
1.42374750e+03
1.41458790e+03
1.42908550e+03
1.43639270e+03
1.43171680e+03
1.36977270e+03
1.29543610e+03
1.29215520e+03
1.29927240e+03
1.28773750e+03
1.45189710e+03
1.44842070e+03
1.42325610e+03
1.42451880e+03
1.43537920e+03
1.43271400e+03
1.42987930e+03
1.43442130e+03
1.43386950e+03
1.42733070e+03
1.43238390e+03
1.61981440e+03
1.83898160e+03
1.94661370e+03
1.96154770e+03
1.95875810e+03
1.93266700e+03
1.90522170e+03
1.91353670e+03
1.91618840e+03
1.91954280e+03
1.54104280e+03
1.43064020e+03
1.42096180e+03
1.42108600e+03
1.38939940e+03
1.37083490e+03
1.36454130e+03
1.37351250e+03
1.38887020e+03
1.39124930e+03
1.38044640e+03
1.36453030e+03
1.36118990e+03
1.39667790e+03
1.39006240e+03
1.36631820e+03
1.37361470e+03
1.41458340e+03
1.37004050e+03
1.37596550e+03
1.40625200e+03
1.35086130e+03
1.37175650e+03
1.37715560e+03
1.35651680e+03
1.38133880e+03
1.35431670e+03
1.32115410e+03
1.27376840e+03
1.30938800e+03
1.41602880e+03
1.41361470e+03
1.39519490e+03
1.40076440e+03
1.39178590e+03
1.39177260e+03
1.40282250e+03
1.41170980e+03
1.42979210e+03
1.43107130e+03
1.41999160e+03
1.43440780e+03
1.43859110e+03
1.43176460e+03
1.42756050e+03
1.44342750e+03
1.43237600e+03
1.42376240e+03
1.41263060e+03
1.40661620e+03
1.42478580e+03
1.40472510e+03
1.41517070e+03
1.39855200e+03
1.38311990e+03
1.38501990e+03
1.37450200e+03
1.59470540e+03
1.76326050e+03
1.86961600e+03
1.86902620e+03
1.87314990e+03
1.85947450e+03
1.84586070e+03
1.83425310e+03
1.82345840e+03
1.40797930e+03
1.35466000e+03
1.34249780e+03
1.36784270e+03
1.34965240e+03
1.35225880e+03
1.37440210e+03
1.35592920e+03
1.36438570e+03
1.36603720e+03
1.35102640e+03
1.35873590e+03
1.35502400e+03
1.36389620e+03
1.34413500e+03
1.36302750e+03
1.35784920e+03
1.36299210e+03
1.35252640e+03
1.36870470e+03
1.34725350e+03
1.34216280e+03
1.34121990e+03
1.34541430e+03
1.34222110e+03
1.34896040e+03
1.35295220e+03
1.35083870e+03
1.33664720e+03
1.35123720e+03
1.34527040e+03
1.34269440e+03
1.34299020e+03
1.33604310e+03
1.34067380e+03
1.35795470e+03
1.35503730e+03
1.36091280e+03
1.35983150e+03
1.35241280e+03
1.36331430e+03
1.37021120e+03
1.36356520e+03
1.35460930e+03
1.36525110e+03
1.36477990e+03
1.35985100e+03
1.35871090e+03
1.35852780e+03
1.44257310e+03
1.53656950e+03
1.41112210e+03
1.39676890e+03
1.40550860e+03
1.40263550e+03
1.40289580e+03
1.69443660e+03
1.81467150e+03
1.85372260e+03
1.89268090e+03
1.89547910e+03
1.90959890e+03
1.89402000e+03
1.87101960e+03
1.87495830e+03
1.86735370e+03
1.87046070e+03
1.83011160e+03
1.33683870e+03
1.30412540e+03
1.35928360e+03
1.35452910e+03
1.34695070e+03
1.29583620e+03
1.19056518e+03
1.30411290e+03
1.42611860e+03
1.43829590e+03
1.46230650e+03
1.47870690e+03
1.52194060e+03
1.52826990e+03
1.44971230e+03
1.45800390e+03
1.45701900e+03
1.45261350e+03
1.45503440e+03
1.45394990e+03
1.45717050e+03
1.46003290e+03
1.43165820e+03
1.43882740e+03
1.43966050e+03
1.44073180e+03
1.43233590e+03
1.43043120e+03
1.43947320e+03
1.43576080e+03
1.43408740e+03
1.41902850e+03
1.42899430e+03
1.42618600e+03
1.42937290e+03
1.37157870e+03
1.38842130e+03
1.53137670e+03
1.53897770e+03
1.55070240e+03
1.56761840e+03
1.52630280e+03
1.49299460e+03
1.49273080e+03
1.49254900e+03
1.48848370e+03
1.50221170e+03
1.49449890e+03
1.49067630e+03
1.48491730e+03
1.50354850e+03
1.49624440e+03
1.48006600e+03
1.49188260e+03
1.48220890e+03
1.48285990e+03
1.47931400e+03
1.47796920e+03
1.48009390e+03
1.48635770e+03
1.60227450e+03
1.96890360e+03
2.14320650e+03
2.24657980e+03
2.30262290e+03
2.36600590e+03
2.39870530e+03
2.41710810e+03
2.45519110e+03
2.47886170e+03
2.33631270e+03
2.17240330e+03
2.17742570e+03
1.75504180e+03
1.72709320e+03
1.70786930e+03
1.71552810e+03
1.71512950e+03
1.72504710e+03
1.71208540e+03
1.70500450e+03
1.70375780e+03
1.71292240e+03
1.73005740e+03
1.70089020e+03
1.70273820e+03
1.70586710e+03
1.71223590e+03
1.69218150e+03
1.69281170e+03
1.69898600e+03
1.69089690e+03
1.68188510e+03
1.67941580e+03
1.66722810e+03
1.66750700e+03
1.65479630e+03
1.64839120e+03
1.68154270e+03
1.65701450e+03
1.68689050e+03
1.69379690e+03
1.71012420e+03
1.70464810e+03
1.69820200e+03
1.72217290e+03
1.71629610e+03
1.72374440e+03
1.71151580e+03
1.73482260e+03
1.73907500e+03
1.73223490e+03
1.73907360e+03
1.77228270e+03
1.77800860e+03
1.76580150e+03
1.76826420e+03
1.78063260e+03
1.78009780e+03
1.78191380e+03
1.77142510e+03
1.79085670e+03
1.78251990e+03
1.78661390e+03
1.78582960e+03
1.81475690e+03
1.79686730e+03
1.79922980e+03
1.79855870e+03
1.82984870e+03
1.80593560e+03
1.80949480e+03
1.90716230e+03
2.21399450e+03
2.26281160e+03
2.30642430e+03
2.36078440e+03
2.34511790e+03
2.28796320e+03
2.26840680e+03
2.27822280e+03
2.26514080e+03
2.25067270e+03
2.23330630e+03
1.96737260e+03
1.79021820e+03
1.77568710e+03
1.77386260e+03
1.77208160e+03
1.77820030e+03
1.76703860e+03
1.76327360e+03
1.76444940e+03
1.77108760e+03
1.77137650e+03
1.76106790e+03
1.77245300e+03
1.76794260e+03
1.75722200e+03
1.76397400e+03
1.77400900e+03
1.77385440e+03
1.76329740e+03
1.75892430e+03
1.75386080e+03
1.75370370e+03
1.75447660e+03
1.74855880e+03
1.73736430e+03
1.75870800e+03
1.73851390e+03
1.75257290e+03
1.74440780e+03
1.74131650e+03
1.75700870e+03
1.74733080e+03
1.75143860e+03
1.73890830e+03
1.76115050e+03
1.74660320e+03
1.74837820e+03
1.73545370e+03
1.75350150e+03
1.76570580e+03
1.76792150e+03
1.76190470e+03
1.76575100e+03
1.76771290e+03
1.77348020e+03
1.76703840e+03
1.76215650e+03
1.76683540e+03
1.75505590e+03
1.76232680e+03
1.75644410e+03
1.76230560e+03
1.75412220e+03
1.75379930e+03
1.76167980e+03
1.76699850e+03
1.75844140e+03
1.74975410e+03
1.99562520e+03
2.15767080e+03
2.20604990e+03
2.23389440e+03
2.27050250e+03
2.26341700e+03
2.25161850e+03
2.23975950e+03
2.22961560e+03
2.23464950e+03
2.22209010e+03
2.14248890e+03
1.75352290e+03
1.74709490e+03
1.77249060e+03
1.75382160e+03
1.75492280e+03
1.74117540e+03
1.75983210e+03
1.74975460e+03
1.75126860e+03
1.74858550e+03
1.74958010e+03
1.75025990e+03
1.75529030e+03
1.74447400e+03
1.73924220e+03
1.74593520e+03
1.74708720e+03
1.74673190e+03
1.75142190e+03
1.73695070e+03
1.74444390e+03
1.73220120e+03
1.73147550e+03
1.71749750e+03
1.72832160e+03
1.74196740e+03
1.72203790e+03
1.72088240e+03
1.71054210e+03
1.73576200e+03
1.72840510e+03
1.71568280e+03
1.71288780e+03
1.73186530e+03
1.72291560e+03
1.71391150e+03
1.72811880e+03
1.73632050e+03
1.73034880e+03
1.72134840e+03
1.75066080e+03
1.74419330e+03
1.74991740e+03
1.73216880e+03
1.75373170e+03
1.74397650e+03
1.72704920e+03
1.73387530e+03
1.37769680e+03
1.48579310e+03
1.49239630e+03
1.49795360e+03
1.49513290e+03
1.49683100e+03
1.49103910e+03
1.48782660e+03
1.20890063e+03
1.15610507e+03
1.25771560e+03
