1119.01
1115.9490000000001
1113.095
1108.8099999999999
1111.711
1103.5509999999999
1113.079
1115.848
1116.7539999999999
1121.3009999999999
1120.348
1109.652
1115.8800000000001
1108.7070000000001
1116.491
1120.876
1119.905
1116.6610000000001
1117.171
1116.222
1113.327
1121.1590000000001
1121.9949999999999
1126.501
1119.742
1110.7629999999999
1113.9580000000001
1106.296
1107.758
1117.24
1116.2819999999999
1107.7380000000001
1114.2739999999999
1109.665
1102.4590000000001
1111.299
1109.0440000000001
1112.278
1311.577
1302.328
1294.598
1286.3340000000001
1280.1969999999999
1280.992
1292.0139999999999
1288.444
1296.0350000000001
1294.175
1195.2719999999999
1128.212
1132.954
1117.3389999999999
1119.846
1117.701
1109.644
1110.3299999999999
1101.079
1101.7460000000001
1108.3969999999999
1106.479
1112.1869999999999
1118.395
1111.375
1109.636
1108.046
1106.886
1118.2180000000001
1169.039
1141.922
1143.982
1125.989
1123.348
1298.4970000000001
1178.9190000000001
1194.3810000000001
1181.912
1193.1949999999999
1178.6369999999999
1157.8910000000001
1131.3119999999999
1249.7260000000001
1187.876
1183.336
1182.2249999999999
1185.4200000000001
1201.9870000000001
1193.8679999999999
1186.742
1183.537
1186.21
1189.7380000000001
1188.1900000000001
1194.405
1144.355
1118.5940000000001
1123.5440000000001
1232.046
1195.4259999999999
1192.9580000000001
1188.0309999999999
1188.8330000000001
1181.943
1194.864
1199.829
1198.5989999999999
1191.828
1190.873
1196.5930000000001
1127.739
1202.0999999999999
1204.5809999999999
1194.5909999999999
1205.0139999999999
1200.0719999999999
1201.7339999999999
1204.2449999999999
1204.8009999999999
1208.6130000000001
1205.21
1206.694
1139.902
1112.039
1108.1020000000001
1210.857
1222.039
1195.633
1189.884
1214.5039999999999
1196.8920000000001
1200.6479999999999
1203.9580000000001
1224.616
1196.4860000000001
1199.768
1216.941
1149.038
1119.8040000000001
1113.162
1214.768
1246.0360000000001
1239.1869999999999
1207
1185.914
1097.204
1150.296
1284.433
1216.299
1196.72
1235.1110000000001
1208.127
1212.6600000000001
1205.1579999999999
1221.9269999999999
1218.097
1211.3130000000001
1212.682
1213.1010000000001
1169.874
1110.566
1112.8620000000001
1156.5150000000001
1285.009
1217.521
1208.402
1224.8030000000001
1219.6179999999999
1224.836
1220.2370000000001
1211.047
1214.9670000000001
1225.421
1217.153
1165.3140000000001
1112.5029999999999
1118.9829999999999
1190.2850000000001
1268.0599999999999
1267.2909999999999
1234.7919999999999
1236.0250000000001
1238.0319999999999
1242.048
1240.644
1247.3050000000001
1272.5999999999999
1242.0260000000001
1239.9110000000001
1256.193
1198.5070000000001
1133.5530000000001
1129.4300000000001
1203.748
1316.7660000000001
1265.702
1246.144
1282.0820000000001
1263.5319999999999
1254.912
1247.1579999999999
1269.232
1256.502
1260.4590000000001
1270.511
1240.7449999999999
1181.037
1120.8599999999999
1117.884
1198.163
1330.884
1264.021
1253.114
1254.1859999999999
1264.7329999999999
1278.95
1254.6079999999999
1245.7919999999999
1262.9380000000001
1267.404
1266.665
1249.4680000000001
1198.932
1110.711
1113.652
1183.2380000000001
1299.0999999999999
1268.2560000000001
1248.578
1236.943
1249.8989999999999
1262.1869999999999
1269.672
1248.7090000000001
1271.444
1259.8230000000001
1265.1700000000001
1268.396
1209.8969999999999
1124.886
1135.914
1181.482
1257.184
1260.2919999999999
1269.2639999999999
1282.0170000000001
1285.2049999999999
1266.7539999999999
1289.0229999999999
1286.21
1283.028
1208.115
1127.8
1126.45
1164.576
1296.1780000000001
1280.492
1289.0519999999999
1293.4010000000001
1303.8579999999999
1298.2739999999999
1295.4300000000001
1294.375
1291.9190000000001
1312.1569999999999
1288.5840000000001
1245.665
1119.9380000000001
1115.4359999999999
1154.7619999999999
1388.4649999999999
1300.135
1282.9639999999999
1279.403
1294.01
1284.8150000000001
1271.732
1273.8589999999999
1274.579
1239.075
1104.5309999999999
1112.9839999999999
1120.6010000000001
1364.9349999999999
1281.1959999999999
1279.3199999999999
1183.557
1333.153
1322.9839999999999
1272.866
1284.6289999999999
1307.444
1273.2329999999999
1285.0350000000001
1298.7560000000001
1293.5039999999999
1267.2850000000001
1278.0039999999999
1287.277
1279.924
1166.835
1105.6659999999999
1225.078
1299.367
1296.2349999999999
1306.1800000000001
1290.7819999999999
1299.499
1302.048
1305.538
1306.866
1300.48
1300.1679999999999
1304.221
1290.8800000000001
1188.6780000000001
1131.0319999999999
1126.2090000000001
1230.798
1319.4059999999999
1312.3209999999999
1304.931
1301.627
1298.4469999999999
1317.4179999999999
1312.6300000000001
1311.27
1327.923
1320.818
1313.329
1195.7449999999999
1128.5260000000001
1212.9559999999999
1361.6110000000001
1315.999
1315.383
1321.54
1330.2239999999999
1305.1800000000001
1319.9380000000001
1312.395
1326.8230000000001
1327.021
1318.394
1312.02
1199.6179999999999
1110.875
1108.2080000000001
1196.8399999999999
1377.8240000000001
1327.2070000000001
1334.979
1322.0450000000001
1327.2429999999999
1319.8320000000001
1344.7860000000001
1329.259
1320.203
1325.6030000000001
1324.5239999999999
1323.662
1213.412
1120.692
1120.607
1184.2660000000001
1331.0160000000001
1344.7239999999999
1338.7190000000001
1320.9169999999999
1324.5719999999999
1339.4280000000001
1335.7090000000001
1337.5360000000001
1328.2239999999999
1333.077
1213.6780000000001
1116.404
1107.9639999999999
1162.4159999999999
1397.874
1310.01
1341.182
1316.2750000000001
1311.7139999999999
1329.154
1313.7829999999999
1320.7670000000001
1320.329
1317.578
1342.011
1322.6489999999999
1231.0909999999999
1106.4179999999999
1100.9169999999999
1136.365
1371.7760000000001
1320.8879999999999
1322.8910000000001
1312.5160000000001
1328.0989999999999
1419.75
1560.819
1486.1400000000001
1493.952
1504.0889999999999
1486.502
1505.3219999999999
1520.972
1507.6489999999999
1514.653
1472.867
1474.4100000000001
1423.047
1283.625
1287.9079999999999
1536.8820000000001
1490.7670000000001
1510.9290000000001
1492.5540000000001
1497.021
1488.396
1487.597
1493.8510000000001
1495.3689999999999
1441.4259999999999
1302.0940000000001
1302.2670000000001
1561.739
1487.701
1495.568
1491.153
1484.222
1482.239
1508.682
1490.1220000000001
1507.5799999999999
1515.1099999999999
1483.489
1501.963
1477.8800000000001
1495.7940000000001
1480.058
1470.0719999999999
1481.3420000000001
1448.8009999999999
1454.336
1465.748
1466.5640000000001
1476.4639999999999
1457.4480000000001
1430.664
1451.1010000000001
1849.8109999999999
1910.5039999999999
1927.0540000000001
1912.963
1901.742
1894.5029999999999
1920.665
1880.2190000000001
1839.4849999999999
1823.384
1847.501
1367.2529999999999
1384.6800000000001
1361.2449999999999
1357.4190000000001
1366.462
1355.0239999999999
1369.1969999999999
1357.0170000000001
1365.365
1352.828
1308.7429999999999
1172.7840000000001
1242.5239999999999
1381.761
1355.2239999999999
1351.4059999999999
1341.3620000000001
1351.5899999999999
1346.173
1359.951
1342.1659999999999
1351.6900000000001
1338.4010000000001
1345.598
1341.9190000000001
1354.808
1345.1600000000001
1350.1020000000001
1341.502
1337.9369999999999
1352.0930000000001
1346.739
1357.356
1346.8320000000001
1345.0060000000001
1344.7829999999999
1345.6030000000001
1338.499
1350.5239999999999
1346.7139999999999
1351.8150000000001
1340.6120000000001
1351.489
1349.7439999999999
1355.296
1351.684
1353.4949999999999
1348.7860000000001
1351.01
1361.681
1354.1010000000001
1387.761
1581.077
1475.2429999999999
1391.789
1393.6500000000001
1404.423
1399.1389999999999
1389.4390000000001
1394.7670000000001
1392.6500000000001
1399.702
1399.912
1398.423
1392.538
1387.2090000000001
1399.7460000000001
1406.6559999999999
1394.1110000000001
1393.5830000000001
1391.2919999999999
1308.4880000000001
1302.712
1341.482
1362.2719999999999
1351.127
1355.6120000000001
1399.972
1447.9590000000001
1475.347
1496.037
1512.1990000000001
1561.7819999999999
1493.22
1451.568
1453.5039999999999
1447.7380000000001
1455.114
1455.431
1441.606
1446.463
1447.498
1452.491
1447.1780000000001
1444.7049999999999
1450.075
1445.222
1455.107
1399.1969999999999
1333.51
1422.682
1533.316
1529.328
1521.845
1540.748
1545.4870000000001
1545.268
1555.0309999999999
1545.8989999999999
1470.8309999999999
1477.557
1480.1579999999999
1476.2270000000001
1469.884
1465.9090000000001
1467.008
1468.76
1465.7619999999999
1458.568
1446.5
1456.742
1449.6379999999999
1461.1089999999999
1464.4649999999999
1460.2170000000001
1465.327
1458.058
1453.0619999999999
1459.018
1602.412
1652.97
1679.981
1695.9490000000001
1724.184
1741.386
1783.508
1798.575
1828.1210000000001
1850.1369999999999
1869.5260000000001
1891.2629999999999
1912.6320000000001
1941.383
1748.8520000000001
1663.501
1679.329
1683.047
1679.0830000000001
1680.0419999999999
1669.75
1677.1869999999999
1680.508
1670.6579999999999
1673.2760000000001
1661.684
1664.4929999999999
1662.1790000000001
1667.886
1665.7760000000001
1663.6320000000001
1653.7080000000001
1642.9659999999999
1649.327
1660.2550000000001
1647.461
1650.972
1650.894
1324.5550000000001
1414.4490000000001
1419.077
1415.9380000000001
1416.414
1412.703
1408.577
1399.443
1405.6690000000001
1389.7059999999999
1297.673
1135.2239999999999
1147.25
1244.788
1196.7829999999999
1199.691
1200.8979999999999
1201.7380000000001
1193.395
1215.3499999999999
1199.6179999999999
1190.646
1207.5999999999999
1208.5940000000001
1198.9390000000001
1142.9649999999999
1102.0609999999999
1109.0640000000001
1169.855
1279.9860000000001
1236.9949999999999
1212.373
1226.799
1230.675
1229.038
1227.556
1224.5350000000001
1221.8430000000001
1225.787
1227.229
1264.2080000000001
1196.5360000000001
1132.4380000000001
1122.8219999999999
1191.453
1304.002
1237.5060000000001
1234.2829999999999
1238.95
1237.2860000000001
1217.1780000000001
1224.9690000000001
1243.056
1518.729
1655.0909999999999
1696.5150000000001
1759.0309999999999
1689.383
1638.9739999999999
1636.2539999999999
1704.2429999999999
1802.1579999999999
1731.991
1723.4949999999999
1700.626
1438.5409999999999
1240.1220000000001
1238.2560000000001
1252.5129999999999
1248.3879999999999
1250.4780000000001
1263.7950000000001
1255.894
1174.011
1123.03
1113.463
1244.116
1307.0709999999999
1284.0329999999999
1258.646
1262.1849999999999
1276.836
1275.1790000000001
1271.7329999999999
1270.8109999999999
1263.3299999999999
1278.9590000000001
1272.8130000000001
1270.347
1190.4670000000001
1122.7739999999999
1127.9929999999999
1248.2
1317.5640000000001
1295.5350000000001
1290.2909999999999
1287.971
1283.7170000000001
1292.7829999999999
1294.059
1286.1780000000001
1292.923
1282.135
1291.2149999999999
1312.9639999999999
1198.396
1122.5550000000001
1126.972
1280.3019999999999
1335.3099999999999
1322.373
1294.8589999999999
1311.4380000000001
1318.1500000000001
1284.5609999999999
1296.3779999999999
1290.7070000000001
1291.779
1299.04
1288.9159999999999
1146.0540000000001
1108.174
1104.251
1262.384
1311.1400000000001
1306.164
1295.9649999999999
1286.4300000000001
1296.616
1304.3199999999999
1304.749
1301.471
1300.114
1330.04
1316.8510000000001
1329.0060000000001
1163.269
1133.691
1133.721
1305.066
1353.4760000000001
1333.9690000000001
1324.9929999999999
1328.1130000000001
1308.8630000000001
1331.3520000000001
1345.086
1323.3920000000001
1332.0889999999999
1311.1769999999999
1321.355
1321.5360000000001
1131.9100000000001
1115.5509999999999
1114.3630000000001
1287.9490000000001
1350.9110000000001
1329.318
1330.8689999999999
1315.723
1314.9739999999999
1327.329
1313.896
1304.3800000000001
1315.298
1299.2
1313.6669999999999
1119.0630000000001
1096.729
1105.2280000000001
1297.7339999999999
1329.789
1328.1479999999999
1326.4449999999999
1302.617
1305.8399999999999
1304.54
1304.5150000000001
1304.8710000000001
1301.9559999999999
1297.9390000000001
1304.2760000000001
1306.296
1103.2159999999999
1095.6600000000001
1095.921
1321.54
1326.894
1323.2660000000001
1327.1559999999999
1303.193
1317.4880000000001
1324.3820000000001
1325.3620000000001
1305.807
1281.7260000000001
1292.597
1291.998
1092.2650000000001
1088.9100000000001
1078.875
1342.4079999999999
1313.338
1342.1110000000001
1324.4480000000001
1307.5650000000001
1340.797
1381.3910000000001
1568.6130000000001
1523.9490000000001
1512.5039999999999
1496.711
1495.8440000000001
1503.876
1511.239
1822.9200000000001
1882.364
1951.0309999999999
1983.385
1891.826
1785.9449999999999
1767.9290000000001
1854.183
1997.1410000000001
1959.3240000000001
1931.057
1937.3920000000001
1486.856
1482.922
1472.309
1479.4369999999999
1480.104
1470.251
1478.6369999999999
1348.7529999999999
1274.279
1278.337
1462.6420000000001
1488.2159999999999
1477.1179999999999
1460.0239999999999
1463.182
1471.614
1492.71
1479.7329999999999
1479.354
1481.9359999999999
1477.384
1476.78
1490.2860000000001
1473.799
1477.22
1463.5129999999999
1461.171
1435.797
1462.319
1455.204
1462.2940000000001
1429.9770000000001
1424.2249999999999
1434.6510000000001
1445.8309999999999
1441.5719999999999
1428.364
1403.5
1411.1479999999999
1401.673
1406.393
1409.02
1393.7560000000001
1390.3800000000001
1370.77
1361.74
1368.0360000000001
1369.5899999999999
1365.636
1364.0070000000001
1346.8230000000001
1358.8440000000001
1358.6310000000001
1355.1880000000001
1365.7909999999999
1354.624
1358.4670000000001
1341.9580000000001
1345.1900000000001
1336.9269999999999
1349.693
1349.5309999999999
1354.8530000000001
1354.277
1350.6489999999999
1340.077
1340.1389999999999
1352.0989999999999
1341.011
1341.7439999999999
1339.9369999999999
1340.319
1328.665
1334.672
1323.8330000000001
1339.893
1332.202
1341.9939999999999
1330.8
1328.866
1324.4349999999999
1336.1320000000001
1346.0160000000001
1340.135
1328.184
1340.921
1337.9939999999999
1344.2159999999999
1336.704
1341.0550000000001
1335.7750000000001
1333.297
1335.933
1339.4949999999999
1322.7550000000001
1339.8309999999999
1424.6769999999999
1569.838
1414.297
1365.7370000000001
1360.1110000000001
1374.729
1372.0429999999999
1373.5229999999999
1365.0550000000001
1369.076
1371.7529999999999
1376.835
1375.056
1374.3199999999999
1386.96
1378.6089999999999
1387.165
1388.1949999999999
1288.1220000000001
1372.5
1719.107
1760.0730000000001
1794.9159999999999
1830.087
1975.837
2030.123
2069.8829999999998
2123.8870000000002
2144.3310000000001
1943.9369999999999
1920.989
1474.74
1463.9939999999999
1463.095
1465.3989999999999
1457.6980000000001
1456.4380000000001
1448.8430000000001
1447.077
1462.271
1456.4580000000001
1461.9680000000001
1455.954
1448.059
1453.453
1446.8620000000001
1329.3779999999999
1405.9290000000001
1404.6220000000001
1401.395
1333.1179999999999
1256.377
1112.115
1335.443
1225.972
1241.7460000000001
1245.6130000000001
1238.4490000000001
1239.9280000000001
1233.184
1243.0530000000001
1237.0640000000001
1238.1859999999999
1227.296
1221.3420000000001
1095.704
1100.854
1098.0260000000001
1290.328
1219.546
1221.2460000000001
1232.3820000000001
1226.5930000000001
1226.001
1239.951
1234.6300000000001
1225.327
1228.087
1230.575
1236.471
1212.537
1102.557
1112.6210000000001
1100.259
1303.242
1216.133
1246.289
1240.0440000000001
1231.47
1226.1010000000001
1226.1569999999999
1233.704
1236.24
1239.6659999999999
1232.047
1233.885
1212.896
1097.5450000000001
1099.011
1100.7660000000001
1339.2149999999999
1234.8050000000001
1235.4380000000001
1247.5930000000001
1247.2660000000001
1262.1010000000001
1258.171
1260.9349999999999
1247.0899999999999
1248.799
1264.163
1265.1569999999999
1225.576
1115.2239999999999
1106.7239999999999
1109.0630000000001
1343.1300000000001
1254.441
1266.6700000000001
1271.2449999999999
1277.9380000000001
1269.7449999999999
1263.1510000000001
1262.876
1283.0250000000001
1289.8610000000001
1288.134
1278.019
1250.7809999999999
1116.924
1115.5650000000001
1129.921
1708.557
1705.7619999999999
1772.0409999999999
1808.48
1837.413
1846.568
1824.5119999999999
1814.5999999999999
1812.3420000000001
1798.1199999999999
1813.5239999999999
1791.0540000000001
1338.9079999999999
1128.624
1126.472
1155.787
1412.836
1314.6700000000001
1323.71
1322.6500000000001
1321.7570000000001
1330.4090000000001
1314.662
1319.0709999999999
1338.0989999999999
1343.4760000000001
1329.6659999999999
1232.7239999999999
1108.5709999999999
1107.848
1162.6130000000001
1413.519
1340.1690000000001
1322.3040000000001
1318.8130000000001
1350.998
1339.066
1333.4179999999999
1313.2349999999999
1311.431
1336.6410000000001
1323.7190000000001
1319.4639999999999
1232.9580000000001
1104.0830000000001
1107.992
1164.9380000000001
1406.2650000000001
1329.5989999999999
1340.2819999999999
1325.097
1325.97
1322.9000000000001
1330.472
1320.961
1333.848
1344.9690000000001
1338.4259999999999
1213.694
1092.6300000000001
1167.1890000000001
1406.308
1343.193
1324.9760000000001
1326.4739999999999
1310.8579999999999
1315.8699999999999
1323.02
1325.8399999999999
1319.6859999999999
1191.8399999999999
1098.585
1098.153
1375.9639999999999
1318.0260000000001
1319.2190000000001
1311.248
1318.5
1319.9280000000001
1322.076
1392.9549999999999
1542.9449999999999
1517.7750000000001
1503.462
1498.104
1501.0909999999999
1481.047
1496.6880000000001
1485.778
1473.252
1480.2370000000001
1478.181
1344.643
1286.403
1289.175
1389.279
1506.201
1477.7
1483.3630000000001
1475.942
1492.403
1487.623
1474.211
1484.7380000000001
1472.355
1497.164
1476.327
1341.528
1279.047
1285.4960000000001
1287.874
1292.701
1515.925
1496.1210000000001
1502.4770000000001
1491.05
1477.9459999999999
1472.5139999999999
1483.1690000000001
1478.6849999999999
1833.7270000000001
1904.23
1926.374
1964.596
1994.875
1960.6020000000001
1954.5260000000001
1961.308
1933.4079999999999
1942.115
1931.8489999999999
1919.854
1907.3209999999999
1510.652
1484.596
1475.28
1440.481
1434.5889999999999
1461.942
1440.9559999999999
1422.575
1407.8920000000001
1404.067
1381.5360000000001
1369.3320000000001
1359.6079999999999
1351.3779999999999
1359.598
1370.626
1342.921
1343.5630000000001
1358.5219999999999
1353.5160000000001
1356.999
1356.721
1337.982
1360.0630000000001
1347.0139999999999
1360.655
1362.1210000000001
1296.0450000000001
1173.2280000000001
1265.2909999999999
1399.9449999999999
1364.98
1361.9960000000001
1362.029
1359.384
1340.1079999999999
1357.931
1345.204
1355.8330000000001
1350.287
1353.3340000000001
1337.6310000000001
1354.1279999999999
1349.231
1356.0809999999999
1352.4280000000001
1339.578
1337.5799999999999
1334.0219999999999
1347.9359999999999
1347.875
1345.6120000000001
1344.4190000000001
1343.8810000000001
1328.316
1338.9580000000001
1328.04
1338.607
1333.441
1336.874
1327.3389999999999
1335.0719999999999
1332.068
1344.3150000000001
1344.28
1336.337
1344.0360000000001
1326.076
1516.1089999999999
1533.8789999999999
1370.702
1368.318
1362.3320000000001
1374.4549999999999
1371.0550000000001
1374.54
1375.3689999999999
1374.441
1372.27
1367.259
1365.7380000000001
1375.1759999999999
1381.9400000000001
1373.4159999999999
1380.943
1368.9659999999999
1304.6320000000001
1276.924
1343.26
1342.5
1326.2270000000001
1227.1880000000001
1254.796
1471.463
1483.7809999999999
1509.8240000000001
1542.0219999999999
1521.8489999999999
1449.749
1454.153
1455.1600000000001
1450.405
1447.798
1644.6790000000001
1833.5630000000001
1886.5360000000001
1921.3820000000001
1955.8230000000001
1951.819
1938.8720000000001
1932.1469999999999
1932.961
1916.4680000000001
1902.7139999999999
1678.04
1461.0429999999999
1461.123
1391.2270000000001
1453.3330000000001
1617.9570000000001
1627.154
1620.847
1638.75
1516.682
1485.981
1494.46
1490.086
1478.905
1485.9349999999999
1486.6980000000001
1486.018
1475.4100000000001
1480.604
1486.2360000000001
1481.298
1482.306
1476.3040000000001
1477.9359999999999
1444.6410000000001
1457.002
1730.432
1753.251
1799.8489999999999
1845.223
1874.144
1927.865
1973.357
2046.9069999999999
2115.0729999999999
2105.6210000000001
1839.067
1540.1859999999999
1639.366
1831.201
1768.567
1752.6579999999999
1744.2260000000001
1721.4269999999999
1708.2429999999999
1698.0709999999999
1675.579
1667.376
1653.6959999999999
1658.8620000000001
1653.96
1653.0699999999999
1645.1510000000001
1640.3109999999999
1642.8299999999999
1649.9400000000001
1641.789
1648.6800000000001
1647.788
1649.537
1648.2349999999999
1646.252
1637.5709999999999
1644.634
1639.4269999999999
1638.404
1646.1210000000001
1709.046
1715.067
1736.828
1731.24
1736.3050000000001
1740.6559999999999
1743.875
1759.5150000000001
1751.1300000000001
1774.2270000000001
1768.4639999999999
1768.452
1773.395
1773.2650000000001
1798.4400000000001
1797.521
1806.4649999999999
1810.135
1814.384
1818.806
1820.0060000000001
1841.9110000000001
1839.8140000000001
1848.327
1858.172
1854.4280000000001
1871.0350000000001
1885.74
1893.9280000000001
1897.3710000000001
1893.4090000000001
1903.981
1910.1679999999999
1930.3910000000001
1925.759
1932.559
1942.518
1896.454
1814
1832.808
1830.8810000000001
1829.6469999999999
1819.2819999999999
2097.1439999999998
2207.9259999999999
2244.7649999999999
2285.2750000000001
2292.0230000000001
2329.0300000000002
2324.6860000000001
2301.9070000000002
2297.518
2277.8910000000001
2262.7849999999999
2269.1869999999999
2267.6419999999998
2272.9119999999998
1824.587
1813.5029999999999
1818.5640000000001
1815.4849999999999
1811.9400000000001
1813.2090000000001
1806.3610000000001
1815.722
1815.0920000000001
1810.769
1827.2940000000001
1815.3320000000001
1809.421
1814.425
1802.2719999999999
1819.4549999999999
1813.732
1810.454
1809.1790000000001
1802.692
1804.672
1809.037
1804.2550000000001
1807.1220000000001
1805.6790000000001
1805.617
1806.01
1792.019
1812.059
1801.4749999999999
1806.9680000000001
1796.8679999999999
1795.671
1795.133
1798.683
1801.0129999999999
1789.779
1800.6300000000001
1792.1590000000001
1800.3340000000001
1799.2819999999999
1792.125
1790.9580000000001
1781.182
1766.258
1762.316
1767.566
1761.5129999999999
1767.3979999999999
1765.732
1772.653
1782.9259999999999
1774.9179999999999
1775.836
1770.2660000000001
1771.4480000000001
1764.9159999999999
1781.269
1769.249
1772.6990000000001
1768.847
1752.479
1777.6800000000001
1764.075
1760.511
1762.1569999999999
1751.778
1771.627
1765.6120000000001
1762.7660000000001
1767.3620000000001
1756.3599999999999
1774.7
1763.396
1760.3209999999999
1758.144
1762.75
1765.607
1763.556
1770.288
1764.229
1769.502
1759.616
1761.2439999999999
1779.232
1761.7139999999999
1761.385
1762.8430000000001
1754.9760000000001
1756.28
1761.4390000000001
1751.502
1755.1569999999999
1753.23
1751.8040000000001
1767.0319999999999
1758.952
1754.4549999999999
1761.3330000000001
1757.6769999999999
1759.345
1757.277
1754.028
1764.5740000000001
1757.9960000000001
1753.6859999999999
1759.3679999999999
1752.309
1757.8140000000001
1774.1980000000001
1766.6959999999999
2079.7539999999999
2138.7109999999998
2184.0230000000001
2224.9650000000001
2235.8670000000002
2259.3499999999999
2249.395
2253.4319999999998
2241.6579999999999
2226.9099999999999
2221.1579999999999
2205.9270000000001
2226.4870000000001
2206.0219999999999
1776.9580000000001
1774.1500000000001
1761.605
1766.271
1776.604
1776.2819999999999
1773.0989999999999
1768.865
1762.9690000000001
1768.777
1776.9880000000001
1771.97
1765.242
1764.847
1767.115
1758.3900000000001
1779.7449999999999
1770.1969999999999
1760.04
1769.027
1762.9169999999999
1770.1400000000001
1761.749
1759.4570000000001
1762.5340000000001
1766.0340000000001
1756.4770000000001
1770.2460000000001
1760.444
1762.317
1766.6659999999999
1748.817
1768.8810000000001
1759.2339999999999
1763.7059999999999
1761.6590000000001
1763.059
1761.059
1759.8299999999999
1750.9059999999999
1757.056
1755.885
1753.7670000000001
1752.818
1739.4290000000001
1734.953
1741.1389999999999
1742.6110000000001
1734.8230000000001
1748.0239999999999
1736.1379999999999
1734.5029999999999
1739.26
1746.3040000000001
1748.0329999999999
1741.2080000000001
1737.4090000000001
1751.241
1755.2670000000001
1743.366
1748.1289999999999
1738.7360000000001
1752.768
1736.8599999999999
1740.99
1746.614
1750.5940000000001
1751.7090000000001
1751.54
1741.7070000000001
1760.8499999999999
1755.7170000000001
1750.329
1751.4010000000001
1755.2739999999999
1749.6800000000001
1747.4300000000001
1747.777
1749.566
1748.3140000000001
1749.623
1750.5830000000001
1756.2329999999999
1744.8009999999999
1755.8599999999999
1746.598
1749.6569999999999
1744.828
1746.489
1748.432
1753.607
1742.9639999999999
1740.873
1728.49
1745.954
1749.212
1741.817
1743.1579999999999
1744.441
1752.473
2044.288
2115.7710000000002
2160.107
2204.8589999999999
2242.232
2220.989
2204.3000000000002
2213.9270000000001
2194.5450000000001
2199.098
2139.4389999999999
1766.02
1758.0509999999999
1754.5450000000001
1754.3630000000001
1761.9590000000001
1747.3900000000001
1758.4670000000001
1751.6980000000001
1752.568
1746.5360000000001
1753.337
1756.461
1735.9390000000001
1495.557
1577.771
1585.2
1579.7570000000001
1584.673
1590.2349999999999
1579.367
1571.308
1508.078
1401.354
1394.5
1390.414
1382.0250000000001
1382.4929999999999
1381.461
1329.0909999999999
1186.671
1105.9659999999999
1088.788
1091.837
1095.566
1104.296
1104.2539999999999
1103.1869999999999
1102.2270000000001
1087.7249999999999
1082.45
1088.452
1095.1010000000001
1088.662
1093.4970000000001
1089.086
1082.519
1084.4829999999999
1088.6320000000001
1094.336
1095.6210000000001
1092.6959999999999
1087.0730000000001
1094.059
1095.6030000000001
1099.3499999999999
1097.163
1098.2629999999999
1095.8489999999999
1090.0740000000001
1101.557
1100.098
