1146.6790000000001
1245.364
1457.655
1426.798
1334.4169999999999
1341.5509999999999
1325.9960000000001
1337.289
1336.7449999999999
1332.146
1322.48
1291.7159999999999
1175.828
1172.616
1146.5550000000001
1289.5999999999999
1174.356
1145.606
1149.0260000000001
1147.9200000000001
1156.3389999999999
1145.424
1142.1900000000001
1143.1600000000001
1148.441
1145.5219999999999
1142.2850000000001
1147.998
1144.2339999999999
1144.559
1136.0139999999999
1194.1310000000001
1170.4159999999999
1169.3440000000001
1147.556
1158.7090000000001
1290.4059999999999
1212.568
1198.0930000000001
1211.8810000000001
1209.213
1200.4849999999999
1203.8420000000001
1198.71
1153.22
1247.556
1209.9580000000001
1203.9290000000001
1202.413
1194.442
1202.3499999999999
1205.9059999999999
1211.8230000000001
1211.1469999999999
1199.3199999999999
1212.855
1208.2349999999999
1211.1099999999999
1158.319
1148.491
1154.1590000000001
1282.961
1240.441
1204.635
1206.922
1208.587
1217.2339999999999
1218.6969999999999
1209.29
1215.1220000000001
1213.1469999999999
1226.1010000000001
1217.682
1206.2570000000001
1163.0999999999999
1148.4010000000001
1153.4380000000001
1256.3199999999999
1207.328
1231.2660000000001
1231.2170000000001
1229.7570000000001
1229.0550000000001
1216.222
1232.539
1241.0530000000001
1234.4880000000001
1231.777
1224.597
1246.771
1171.268
1153.9390000000001
1153.0899999999999
1268.4449999999999
1253.585
1249.1199999999999
1248.857
1252.0440000000001
1251.874
1246.002
1249.2
1256.415
1266.77
1247.2380000000001
1261.4749999999999
1265.6189999999999
1179.6279999999999
1153.787
1148.5830000000001
1309.1500000000001
1267.2550000000001
1280.6659999999999
1283.5519999999999
1275.7090000000001
1271.5419999999999
1278.856
1283.5360000000001
1279.8599999999999
1283.5160000000001
1284.277
1275.136
1285.633
1161.4829999999999
1149.596
1151.77
1311.0920000000001
1301.8119999999999
1294.1869999999999
1296.1179999999999
1290.3230000000001
1292.5709999999999
1298.865
1295.6130000000001
1297.3679999999999
1309.0509999999999
1294.52
1302.7190000000001
1312.336
1142.3299999999999
1141.5519999999999
1145.5630000000001
1342.71
1322.778
1303.423
1332.4059999999999
1312.973
1331.0119999999999
1328.182
1201.5060000000001
1379.194
1311.9760000000001
1315.7260000000001
1296.6859999999999
1331.6690000000001
1299.048
1318.6590000000001
1314.9670000000001
1319.5519999999999
1321.6010000000001
1310.9659999999999
1317.046
1304.5050000000001
1128.567
1125.557
1123.5039999999999
1349.5229999999999
1305.1130000000001
1335.671
1310.482
1323.1959999999999
1305.797
1323.6980000000001
1324.1510000000001
1312.8520000000001
1314.7380000000001
1314.9749999999999
1313.0050000000001
1310.269
1128.336
1128.327
1123.501
1362.5840000000001
1339.0920000000001
1317.0540000000001
1309.24
1321.3
1323.7080000000001
1312.8309999999999
1329.1079999999999
1323.2
1327.4179999999999
1317.8789999999999
1310.1010000000001
1303.73
1131.837
1133.597
1125.385
1358.173
1326.556
1322.729
1328.9960000000001
1318.155
1315.4549999999999
1328.0599999999999
1333.838
1322.1210000000001
1324.529
1329.741
1314.2750000000001
1304.2619999999999
1131.1030000000001
1131.644
1126.9059999999999
1348.537
1321.8969999999999
1334.1469999999999
1327.2919999999999
1339.498
1319.3989999999999
1338.8389999999999
1332.585
1325.4860000000001
1325.393
1320.6880000000001
1320.3810000000001
1319.24
1125.126
1131.1890000000001
1121.7529999999999
1333.115
1342.3299999999999
1323.307
1322.9490000000001
1328.7729999999999
1317.751
1321.2570000000001
1314.3969999999999
1329.1189999999999
1322.067
1314.6669999999999
1312.0409999999999
1304.3240000000001
1124.854
1127.203
1124.213
1332.3779999999999
1326.693
1335.2619999999999
1319.9860000000001
1320.6030000000001
1317.309
1320.424
1324.6010000000001
1325.52
1324.4010000000001
1322.4349999999999
1312.654
1317.9269999999999
1141.4860000000001
1126.95
1122.605
1314.2850000000001
1334.3420000000001
1319.3119999999999
1314.4190000000001
1315.2149999999999
1332.5630000000001
1333.875
1327.8800000000001
1325.6600000000001
1322.8309999999999
1325.0129999999999
1329.135
1327.9359999999999
1156.508
1124.4490000000001
1121.7860000000001
1292.326
1337.2280000000001
1335.0250000000001
1323.105
1321.172
1316.9449999999999
1318.8040000000001
1308.54
1312.8109999999999
1310.384
1305.8679999999999
1319.1949999999999
1323.79
1154.8399999999999
1119.9880000000001
1121.79
1281.5170000000001
1347.7439999999999
1348.3209999999999
1319.21
1319.646
1151.9059999999999
1354.4749999999999
1321.0820000000001
1311.152
1303.2750000000001
1311.779
1314.8130000000001
1300.954
1320.8009999999999
1314.444
1325.9929999999999
1324.8440000000001
1310.617
1233.5070000000001
1122.4380000000001
1164.3399999999999
1365.3630000000001
1306.809
1296.52
1314.3820000000001
1316.4269999999999
1301.941
1309.5350000000001
1305.1969999999999
1316.913
1326.4749999999999
1326.7329999999999
1310.069
1233.346
1124.9480000000001
1130.1880000000001
1145.8
1359.6489999999999
1318.231
1313.8589999999999
1304.018
1312.498
1320.5719999999999
1314.7629999999999
1302.807
1321.0840000000001
1301.4749999999999
1312.018
1237.779
1117.5239999999999
1113.7550000000001
1141.9649999999999
1360.0930000000001
1297.213
1301.2929999999999
1294.443
1309.1590000000001
1304.6700000000001
1294.779
1296.7950000000001
1303.5719999999999
1324.0630000000001
1298.5139999999999
1293.5350000000001
1239.7080000000001
1121.095
1123.0640000000001
1139.74
1369.953
1325.296
1307.1980000000001
1320.6590000000001
1317.741
1314.432
1322.547
1311.595
1303.9760000000001
1317.8489999999999
1307.8889999999999
1332.1790000000001
1243.2750000000001
1120.9680000000001
1117.9390000000001
1162.9590000000001
1382.252
1327.817
1326.4449999999999
1328.787
1329.4960000000001
1319.971
1324.0050000000001
1338.691
1329.663
1308.662
1309.8240000000001
1315.444
1260.4159999999999
1115.7270000000001
1106.8779999999999
1144.5229999999999
1392.701
1319.079
1317.924
1332.683
1325.2460000000001
1313.8199999999999
1322.0630000000001
1331.7529999999999
1325.1300000000001
1324.748
1320.9770000000001
1327.192
1276.1289999999999
1115.26
1115.308
1133.3979999999999
1398.038
1335.1869999999999
1331.5070000000001
1336.723
1331.6369999999999
1335.0930000000001
1340.7850000000001
1311.049
1304.4680000000001
1448.933
1524.319
1512.229
1512.7739999999999
1524.0530000000001
1506.8489999999999
1499.3309999999999
1496.826
1502.771
1499.4870000000001
1496.386
1501.473
1483.7059999999999
1323.422
1290.23
1302.0070000000001
1431.7460000000001
1475.144
1477.739
1474.7840000000001
1461.3910000000001
1456.164
1464.239
1463.7170000000001
1483.779
1465.2560000000001
1462.1210000000001
1472.3140000000001
1465.212
1327.414
1295.748
1304.029
1359.1800000000001
1297.154
1292.269
1386.922
1493.625
1462.923
1456.365
1467.5909999999999
1477.261
1469.0519999999999
1459.8199999999999
1487.8009999999999
1487.0450000000001
1470.904
1484.1790000000001
1459.2629999999999
1477.1030000000001
1462.0509999999999
1407.1510000000001
1415.425
1400.2260000000001
1405.1890000000001
1398.1579999999999
1382.4459999999999
1383.0150000000001
1384.0619999999999
1385.5640000000001
1394.528
1378.0909999999999
1368.3879999999999
1364.616
1377.7629999999999
1374.76
1366.874
1351.048
1364.3299999999999
1355.212
1365.701
1350.922
1356.921
1362.191
1361.3779999999999
1355.729
1363.7919999999999
1355.2850000000001
1347.4079999999999
1363.7439999999999
1354.269
1369.184
1347.509
1362.6510000000001
1349.027
1361.059
1346.1369999999999
1361.5260000000001
1360.6869999999999
1358.221
1350.3579999999999
1359.452
1358.9190000000001
1346.9770000000001
1354.7660000000001
1344.6410000000001
1360.204
1353.7660000000001
1358.693
1345.9269999999999
1363.663
1347.4770000000001
1351.3910000000001
1348.3610000000001
1360.0889999999999
1341.856
1349.3589999999999
1349.748
1349.1030000000001
1343.442
1352.8699999999999
1354.011
1337.759
1347.2919999999999
1349.3610000000001
1348.904
1336.635
1348.1659999999999
1349.597
1347.6489999999999
1342.1400000000001
1351.481
1343
1342.96
1345.819
1465.711
1482.595
1377.703
1375.165
1374.684
1367.7170000000001
1371.423
1377.0150000000001
1375.3530000000001
1369.566
1376.2190000000001
1370.7650000000001
1375.3499999999999
1369.9380000000001
1379.0340000000001
1368.806
1371.3209999999999
1374.0050000000001
1377.1980000000001
1331.5719999999999
1288.0740000000001
1312.009
1342.943
1327.4880000000001
1333.7729999999999
1336.3399999999999
1401.5740000000001
1411.5599999999999
1438.0340000000001
1450.9069999999999
1474.3330000000001
1482.5160000000001
1411.3389999999999
1405.0930000000001
1400.963
1406.808
1416.7260000000001
1406.2
1410.066
1407.348
1415.6220000000001
1408.21
1404.52
1413.3099999999999
1413.3499999999999
1410.7260000000001
1410.4670000000001
1412.643
1300.511
1284.537
1463.271
1481.598
1477.461
1487.9639999999999
1495.5899999999999
1510.174
1505.9480000000001
1513.998
1483.2829999999999
1456.9480000000001
1459.52
1447.0709999999999
1454.8620000000001
1453.681
1455.982
1445.307
1452.1990000000001
1448.941
1449.3430000000001
1440.366
1451.585
1450.452
1448.6959999999999
1450.5820000000001
1454.9400000000001
1451.6479999999999
1441.1010000000001
1446.8130000000001
1502.8530000000001
1580.3869999999999
1588.0070000000001
1613.3699999999999
1635.826
1651.75
1665.201
1692.6500000000001
1710.864
1722.6600000000001
1730.318
1756.2470000000001
1773.568
1791.1010000000001
1807.701
1738.7439999999999
1627.3779999999999
1614.787
1622.153
1625.6969999999999
1623.866
1615.711
1617.7080000000001
1612.1869999999999
1608.1289999999999
1613.1199999999999
1614.421
1606.127
1610.76
1618.72
1610.6210000000001
1605.251
1610.088
1609.048
1611.3620000000001
1599.6510000000001
1607.623
1604.3900000000001
1607.194
1600.7159999999999
1313.722
1411.3779999999999
1407.9190000000001
1401.5039999999999
1408.3489999999999
1405.1969999999999
1395.6110000000001
1390.213
1389.393
1287.577
1109.23
1256.8309999999999
1190.4400000000001
1194.1690000000001
1178.4659999999999
1194.181
1191.5350000000001
1199.808
1189.694
1194.0650000000001
1188.528
1190.7470000000001
1183.8820000000001
1194.5650000000001
1120.875
1111.204
1114.058
1276.991
1204.9359999999999
1204.213
1207.0160000000001
1203.479
1211.8009999999999
1215.2260000000001
1214.0609999999999
1208.347
1220.5540000000001
1214.9069999999999
1216.0129999999999
1219.807
1121.136
1112.2560000000001
1113.645
1286.5070000000001
1215.4300000000001
1211.3009999999999
1230.4929999999999
1229.0530000000001
1225.5260000000001
1227.0799999999999
1233.1510000000001
1234.904
1234.6089999999999
1242.2049999999999
1234.9860000000001
1246.308
1118.269
1126.6759999999999
1119.191
1311.462
1235.289
1256.3720000000001
1263.1310000000001
1244.6880000000001
1254.3800000000001
1258.328
1248.7249999999999
1262.3389999999999
1262.096
1268.752
1251.0219999999999
1247.222
1120.604
1114.7070000000001
1113.306
1347.9110000000001
1263.124
1283.4280000000001
1277.4069999999999
1282.49
1294.374
1281.377
1281.309
1271.0540000000001
1277.5830000000001
1286.8579999999999
1263.598
1249.5730000000001
1118.1959999999999
1120.1590000000001
1112.1780000000001
1344.2670000000001
1305.796
1307.0150000000001
1296.7070000000001
1276.9490000000001
1299.1669999999999
1324.521
1308.9469999999999
1287.26
1303.9200000000001
1312.0989999999999
1316.6400000000001
1270.3699999999999
1112.5530000000001
1112.338
1110.184
1378.731
1310.9100000000001
1312.086
1319.6199999999999
1322.884
1320.1120000000001
1325.4829999999999
1321.865
1317.4010000000001
1323.7570000000001
1311.367
1324.509
1256.605
1112.0070000000001
1108.223
1116.97
1387.7650000000001
1318.9549999999999
1309.2070000000001
1349.4670000000001
1351.7560000000001
1346.691
1336.077
1360.4970000000001
1362.126
1351.6289999999999
1366.26
1351.0820000000001
1284.635
1131.146
1131.9480000000001
1154.6099999999999
1426.6130000000001
1346.396
1370.1310000000001
1348.7439999999999
1338.981
1333.925
1343.9349999999999
1327.7260000000001
1323.03
1341.6590000000001
1316.3630000000001
1318.9760000000001
1237.22
1104.3599999999999
1099.472
1130.645
1396.578
1344.9680000000001
1344.124
1344.72
1325.6179999999999
1349.095
1338.5820000000001
1335.057
1335.6210000000001
1337.7270000000001
1343.5650000000001
1339.26
1226.9469999999999
1106.133
1097.1379999999999
1127.002
1394.4469999999999
1327.8989999999999
1340.1590000000001
1335.577
1356.605
1353.6510000000001
1347.0319999999999
1342.5719999999999
1360.153
1356.855
1345.798
1356.9369999999999
1239.1769999999999
1100.396
1171.7429999999999
1416.7339999999999
1347.6010000000001
1343.913
1352.6030000000001
1331.183
1331.7329999999999
1337.0830000000001
1339.1420000000001
1339.8810000000001
1348.4110000000001
1341.7819999999999
1236.5450000000001
1113.605
1223.8989999999999
1567.8789999999999
1533.279
1548.943
1528.895
1512.434
1522.9359999999999
1525.2829999999999
1514.1279999999999
1604.425
1875.8810000000001
1939.8820000000001
1978.2929999999999
1979.107
1798.509
1787.3489999999999
1775.76
1999.472
1926.749
1929.885
1917.3230000000001
1538.953
1461.4490000000001
1484.04
1479.462
1481.8820000000001
1462.8620000000001
1438.626
1303.134
1296.0909999999999
1295.027
1485.819
1470.4770000000001
1469.646
1456.423
1452.6110000000001
1457.905
1460.7170000000001
1478.569
1483.8710000000001
1487.6420000000001
1480.7550000000001
1483.502
1451.221
1464.1890000000001
1477.6869999999999
1441.8620000000001
1407.7280000000001
1435.702
1444.6980000000001
1394.1179999999999
1429.498
1443.03
1406.867
1413.3230000000001
1386.877
1367.5250000000001
1364.078
1367.8520000000001
1367.2919999999999
1379.4649999999999
1361.6800000000001
1350.056
1353.75
1355.575
1366.6659999999999
1358.6610000000001
1353.694
1361.5309999999999
1350.4010000000001
1354.0329999999999
1363.741
1355.001
1357.441
1348.498
1355.078
1360.5920000000001
1350.2470000000001
1351.425
1339.827
1339.672
1346.1089999999999
1346.607
1347.8330000000001
1336.3820000000001
1341.5060000000001
1340.7190000000001
1346.0709999999999
1349.9400000000001
1349.797
1332.9059999999999
1347.547
1346.0830000000001
1352.6690000000001
1348.146
1343.182
1347.0170000000001
1339.9580000000001
1351.0530000000001
1354.864
1346.5229999999999
1350.1010000000001
1349.585
1351.479
1355.4169999999999
1348.9760000000001
1349.3779999999999
1344.1569999999999
1353.845
1345.2819999999999
1349.6780000000001
1340.1479999999999
1351.2239999999999
1353.038
1346.2639999999999
1347.0619999999999
1336.6890000000001
1346.2080000000001
1351.355
1347.8
1492.6780000000001
1479.8040000000001
1372.663
1376.835
1375.394
1370.296
1372.7929999999999
1379.49
1383.2380000000001
1375.365
1369.5070000000001
1375.568
1382.874
1369.46
1377.0340000000001
1375.175
1380.5419999999999
1379.0119999999999
1376.865
1315.8399999999999
1287.5740000000001
1338.5150000000001
1356.7080000000001
1344.973
1339.473
1400.7270000000001
1461.317
1488.097
1520.944
1558.3030000000001
1586.5730000000001
1505.6700000000001
1421.1310000000001
1428.7159999999999
1432.4659999999999
1430.1600000000001
1429.069
1427.8579999999999
1419.4739999999999
1429.692
1431.498
1420.248
1423.779
1418.6610000000001
1425.047
1420.2550000000001
1405.8440000000001
1409.076
1412.683
1409.739
1293.915
1386.4159999999999
1383.297
1321.643
1201.3800000000001
1098.0509999999999
1266.616
1200.3430000000001
1202.463
1212.3889999999999
1220.54
1211.6900000000001
1218.4929999999999
1204.9200000000001
1220.72
1212.4269999999999
1209.2829999999999
1208.1079999999999
1211.059
1117.883
1114.4000000000001
1109.7049999999999
1308.4469999999999
1223.8720000000001
1222.0029999999999
1235.5139999999999
1234.7170000000001
1243.096
1231.1489999999999
1238.549
1230.057
1238.6700000000001
1218.1210000000001
1229.115
1218.575
1113.914
1116.5360000000001
1117.607
1316.491
1597.8199999999999
1662.0060000000001
1708.346
1760.9670000000001
1770.8330000000001
1768.9880000000001
1749.2629999999999
1749.086
1737.0139999999999
1720.9000000000001
1725.1659999999999
1710.9580000000001
1157.8299999999999
1121.221
1127.991
1325.038
1259.998
1257.9380000000001
1257.79
1252.4780000000001
1266.5699999999999
1258.2429999999999
1257.7860000000001
1269.8140000000001
1258.7329999999999
1266.992
1261.4549999999999
1123.9200000000001
1121.0139999999999
1129.5360000000001
1340.2349999999999
1280.4449999999999
1278.0409999999999
1273.9580000000001
1287.595
1286.133
1285.5830000000001
1283.5440000000001
1298.424
1286.059
1286.8510000000001
1295.201
1223.252
1125.117
1122.1099999999999
1135.422
1368.76
1300.982
1313.864
1296.817
1303.8030000000001
1298.1559999999999
1312.309
1313.8009999999999
1297.588
1318.7190000000001
1325.845
1321.732
1121.914
1127.258
1163.9960000000001
1396.0650000000001
1320.355
1320.5820000000001
1321.5060000000001
1313.9110000000001
1309.2829999999999
1312.8030000000001
1322.385
1319.3589999999999
1329.4000000000001
1313.1379999999999
1318.5170000000001
1237.4079999999999
1108.163
1105.0050000000001
1150.72
1385.8969999999999
1321.8969999999999
1329.2260000000001
1338.4670000000001
1325.954
1318.675
1324.4380000000001
1323.8779999999999
1330.8009999999999
1315.568
1320.2280000000001
1317.325
1228.799
1112.462
1099.6510000000001
1186.7560000000001
1360.998
1318.8409999999999
1302.7460000000001
1309.7080000000001
1309.587
1305.4459999999999
1307.366
1309.6610000000001
1305.8789999999999
1308.6179999999999
1311.8489999999999
1316.1869999999999
1207.2159999999999
1089.4680000000001
1093.029
1177.4549999999999
1355.3130000000001
1289.6079999999999
1293.96
1292.5319999999999
1304.8579999999999
1301.0250000000001
1303.5909999999999
1293.326
1304.431
1301.2560000000001
1291.048
1303.2149999999999
1438.0219999999999
1506.627
1378.7650000000001
1343.136
1521.8240000000001
1487.1289999999999
1470.721
1486.3140000000001
1478.337
1477.7929999999999
1453.336
1461.4760000000001
1462.527
1475.796
1465.078
1446.183
1376.5619999999999
1282.211
1272.2059999999999
1328.8009999999999
1498.6320000000001
1459.511
1461.5550000000001
1464.7860000000001
1459.664
1462.2809999999999
1605.0930000000001
1832.729
1884.326
1933.125
1946.049
1843.1949999999999
1783.51
1764.6410000000001
1760.807
1884.0129999999999
1943.3219999999999
1910.0930000000001
1745.605
1456.248
1464.2809999999999
1471.9639999999999
1469.4449999999999
1487.027
1458.9570000000001
1457.502
1478.9559999999999
1461.47
1428.7829999999999
1423.5419999999999
1454.7249999999999
1410.9110000000001
1419.8720000000001
1393.684
1387.2190000000001
1384.924
1385.4259999999999
1412.615
1483.25
1453.037
1396.7
1399.55
1400.1959999999999
1414.8889999999999
1387.21
1366.691
1380.6959999999999
1401.3320000000001
1395.6199999999999
1361.9939999999999
1376.7239999999999
1395.4639999999999
1370.9960000000001
1368.307
1394.019
1375.979
1370.9780000000001
1361.8610000000001
1384.277
1334.2249999999999
1348.2049999999999
1335.116
1355.395
1340.6859999999999
1359.106
1338.9939999999999
1341.4400000000001
1339.327
1349.165
1345.4179999999999
1334.0329999999999
1345.855
1359.481
1339.953
1353.9000000000001
1343.174
1364.4860000000001
1347.5519999999999
1366.4259999999999
1339.5630000000001
1362.3130000000001
1339.3230000000001
1351.306
1343.414
1342.912
1341.155
1330.9549999999999
1348.7249999999999
1343.752
1349.6990000000001
1340.729
1343.268
1329.9179999999999
1360.232
1336.701
1356.797
1338.3920000000001
1349.6020000000001
1343.8219999999999
1346.777
1485.0429999999999
1499.212
1376.9000000000001
1385.069
1380.4849999999999
1391.4390000000001
1388.2139999999999
1375.643
1386.5999999999999
1382.662
1388.143
1376.0830000000001
1375.471
1379.681
1380.444
1383.492
1372.184
1374.1959999999999
1375.5119999999999
1314.799
1271.2850000000001
1324.5139999999999
1335.02
1343.2570000000001
1330.5889999999999
1238.729
1234.8599999999999
1441.4690000000001
1446.4649999999999
1491.365
1531.355
1521.6020000000001
1471.462
1471.3489999999999
1467.55
1461.643
1464.8979999999999
1459.4639999999999
1465.2360000000001
1463.2460000000001
1452.741
1462.6099999999999
1455.9739999999999
1459.249
1457.29
1448.5530000000001
1459.6310000000001
1741.4939999999999
1846.0630000000001
1884.3119999999999
1937.8779999999999
1958.1780000000001
1958.2550000000001
1947.335
1935.4469999999999
1912.374
1790.3520000000001
1817.354
2022.6890000000001
2014.095
1718.425
1595.297
1583.308
1593.289
1499.193
1489.146
1491.8209999999999
1481.4069999999999
1484.953
1482.788
1483.519
1483.53
1472.0709999999999
1476.057
1475.3710000000001
1478.595
1478.836
1471.328
1481.828
1474.481
1479.3119999999999
1473.204
1546.903
1701.864
1722.617
1752.3140000000001
1782.377
1816.2919999999999
1846.3119999999999
1882.9590000000001
1918.9280000000001
1976.135
1904.2719999999999
1678.087
1687.4100000000001
1691.758
1679.596
1677.3869999999999
1680.114
1674.268
1672.6210000000001
1665.2439999999999
1665.175
1653.21
1664.6010000000001
1664.047
1660.297
1655.0150000000001
1638.4970000000001
1642.046
1641.1679999999999
1636.865
1631.0809999999999
1625.8869999999999
1635.4639999999999
1627.5029999999999
1633.5429999999999
1631.078
1620.829
1637.8989999999999
1634.144
1626.895
1622.6199999999999
1636.325
1632.817
1631.8130000000001
1632.6859999999999
1636.4280000000001
1631.085
1629.713
1622.2080000000001
1634.146
1623.74
1615.0170000000001
1626.9069999999999
1627.1020000000001
1624.4010000000001
1616.761
1625.6099999999999
1617.4449999999999
1623.4949999999999
1619.374
1628.2190000000001
1626.5
1625.21
1614.53
1631.508
1630.002
1615.1679999999999
1622.5619999999999
1628.3900000000001
1622.0450000000001
1617.039
1622.847
1624.644
1624.335
1618.174
1617.759
1621.319
1622.4780000000001
1617.2729999999999
1611.6679999999999
1625.2460000000001
1615.114
1614.9059999999999
1626.3779999999999
1620.0440000000001
1626.596
1618.3230000000001
1626.923
1847.1199999999999
1995.9659999999999
2036.588
2077.5920000000001
2114.3620000000001
2112.9319999999998
2113.4029999999998
2096.0129999999999
2106.1799999999998
2090.3879999999999
2069.8699999999999
2077.6089999999999
2090.605
1956.222
1618.825
1620.9449999999999
1621.3910000000001
1618.5989999999999
1626.325
1613.48
1619.3530000000001
1620.546
1621.8710000000001
1610.643
1624.3330000000001
1623.3230000000001
1617.7449999999999
1625.2840000000001
1626.9749999999999
1621.04
1612.0540000000001
1618.452
1619.048
1622.2449999999999
1621.5
1623.9839999999999
1624.998
1616.019
1618.4870000000001
1623.2180000000001
1623.9880000000001
1615.9400000000001
1632.4570000000001
1623.5530000000001
1620.088
1622.789
1618.326
1624.47
1625.277
1610.991
1626.453
1618.713
1624.835
1625.1969999999999
1626.3109999999999
1621.3630000000001
1619.2840000000001
1616.7429999999999
1611.845
1609.798
1605.0989999999999
1606.5409999999999
1620.1959999999999
1609.28
1605.8779999999999
1608.9590000000001
1598.193
1606.4680000000001
1611.3820000000001
1607.7170000000001
1605.2650000000001
1600.0730000000001
1604.6900000000001
1605.934
1604.644
1605.1479999999999
1596.9829999999999
1618.0599999999999
1608.673
1608.645
1609.019
1603.8800000000001
1603.6969999999999
1605.3299999999999
1606.7619999999999
1600.9860000000001
1598.847
1600.779
1597.348
1602.6880000000001
1604.6759999999999
1594.443
1607.7149999999999
1605.519
1603.3340000000001
1598.0429999999999
1598.8520000000001
1603.982
1599.578
1588.5409999999999
1602.3520000000001
1603.681
1602.2560000000001
1594.482
1611.0329999999999
1606.259
1598.8409999999999
1605.4000000000001
1597.4200000000001
1601.73
1598.586
1596.6559999999999
1583.8889999999999
1603.9480000000001
1596.625
1590.5409999999999
1586.4839999999999
1591.2809999999999
1591.318
1585.248
1593.8810000000001
1591.4079999999999
1597.336
1596.0730000000001
1602.5340000000001
1599.8330000000001
1600.29
1836.5640000000001
1979.8689999999999
2020.712
2070.2370000000001
2084.5990000000002
2106.797
2099.0599999999999
2090.069
2075.0740000000001
2070.5650000000001
2062.3560000000002
2058.5459999999998
2047.46
1660.587
1606.691
1603.383
1610.3630000000001
1600.5519999999999
1594.155
1604.8610000000001
1601.7090000000001
1604.6130000000001
1607.357
1599.6469999999999
1610.7360000000001
1604.231
1604.443
1603.068
1599.9680000000001
1592.9100000000001
1611.73
1610.471
1602.8440000000001
1603.348
1595.729
1601.828
1609.28
1602.0809999999999
1599.6079999999999
1605.4090000000001
1603.999
1595.8579999999999
1600.915
1607.3219999999999
1607.5640000000001
1603.354
1600.547
1603.991
1602.5160000000001
1601.5429999999999
1593.644
1602.681
1597.5719999999999
1601.125
1596.8520000000001
1607.7260000000001
1601.683
1605.846
1604.1120000000001
1583.8040000000001
1586.665
1585.29
1591.7149999999999
1582.5799999999999
1603.079
1591.308
1600.308
1594.5260000000001
1587.616
1597.2180000000001
1596.537
1597.6179999999999
1593.681
1591.617
1592.636
1599.9690000000001
1589.05
1602.4870000000001
1600.8320000000001
1597.098
1602.9200000000001
1595.943
1604.7249999999999
1594.402
1600.0350000000001
1591.836
1583.22
1596.7950000000001
1596.067
1598.665
1592.2909999999999
1603.9590000000001
1595.21
1590.1959999999999
1589.742
1582.829
1591.279
1592.0429999999999
1590.9690000000001
1585.627
1592.0029999999999
1479.4849999999999
1572.654
1567.672
1565.4300000000001
1570.1859999999999
1563.828
1569.847
1561.4190000000001
1551.481
1475.607
1321.058
1353.549
1384.9780000000001
1352.644
1295.204
1271.4480000000001
1281.5709999999999
1356.519
1373.5609999999999
1351.27
1291.972
1278.182
1272.1500000000001
1347.106
1363.6469999999999
1338.1669999999999
1285.588
1252.4570000000001
1255.665
1325.0260000000001
1197.394
1075.473
1072.079
1069.683
1065.1659999999999
1072.009
1079.771
1074.6669999999999
1363.45
