21.43323
20.85094
21.21331
22.4234
22.27609
21.86763
22.00297
21.74395
22.46063
21.84898
21.54866
22.99605
21.33117
22.19497
21.11779
20.42758
21.77899
21.21116
22.20279
23.01537
21.78933
21.24168
21.15331
21.31783
21.1683
21.78851
21.14764
21.3467
22.09588
21.86642
20.65524
21.27118
21.12409
21.08535
21.40188
22.3702
21.19468
21.32394
20.46631
21.70334
21.92011
21.50163
21.57441
20.35024
21.61315
20.62274
20.51919
20.10437
20.74457
21.43499
20.42142
21.17894
21.55035
20.13557
19.65771
20.55231
21.71579
21.41205
20.14275
21.19465
20.98187
22.16028
21.33871
20.06948
21.77429
21.66169
21.7914
21.40005
21.09424
21.71247
21.03848
20.87605
20.34697
20.72641
22.18428
20.44907
20.70359
20.86432
20.02259
21.61175
20.0689
20.82651
21.76099
20.69066
21.91996
20.72346
20.29087
20.95272
22.02213
21.29247
21.27982
21.56656
20.97582
19.70945
21.72357
19.50715
21.34842
20.33525
20.64447
21.40199
