21.43323
20.85094
21.21331
22.4234
22.27609
21.86763
22.00297
21.74395
22.46063
21.84898
21.54866
22.99605
21.33117
22.19497
21.11779
20.42758
21.77899
21.21116
22.20279
23.01537
21.78933
21.24168
21.15331
21.31783
21.1683
21.78851
21.14764
21.3467
22.09588
21.86642
20.65524
21.27118
21.12409
21.08535
21.40188
22.3702
21.19468
21.32394
20.46631
21.70334
21.92011
21.50163
21.57441
20.35024
21.61315
20.62274
20.51919
20.10437
20.74457
21.43499
20.42142
21.17894
21.55035
20.13557
19.65771
20.55231
21.71579
21.41205
20.14275
21.19465
20.98187
22.16028
21.33871
20.06948
21.77429
21.66169
21.7914
21.40005
21.09424
21.71247
21.03848
20.87605
20.34697
20.72641
22.18428
20.44907
20.70359
20.86432
20.02259
21.61175
20.0689
20.82651
21.76099
20.69066
21.91996
20.72346
20.29087
20.95272
22.02213
21.29247
21.27982
21.56656
20.97582
19.70945
21.72357
19.50715
21.34842
20.33525
20.64447
21.40199
22.28722
20.81416
21.56114
21.05323
21.36395
22.321
21.18802
21.41606
20.99367
20.54573
20.67173
21.30794
22.12932
20.85778
21.03553
22.03028
20.95148
21.17431
20.88414
21.18319
21.03451
21.07024
21.89219
20.48441
20.98177
22.66126
19.04541
22.40493
21.16087
22.27121
20.87695
19.77438
21.96757
22.01306
20.93997
21.0154
21.68576
20.28308
21.45104
21.21506
21.26744
22.05555
21.99496
20.136
21.88901
20.70572
21.25691
21.7805
21.72691
21.61616
21.44374
20.55095
21.43863
21.05401
21.34786
21.84615
21.88418
20.74917
22.37397
21.6174
21.01054
21.88764
22.88592
21.69118
22.08475
21.42953
21.51833
20.97117
21.26675
21.29669
21.34829
21.92425
21.72294
21.06829
21.41144
21.48764
22.05078
21.7202
22.18242
21.39434
21.22475
21.62623
20.77824
21.67846
21.50718
21.38063
21.60962
21.68063
21.46044
21.41039
21.37269
21.01235
21.13008
22.00163
21.41936
21.80478
21.82366
22.60751
22.33163
21.64311
22.06666
21.27029
22.29784
21.90325
21.37912
21.43029
21.87104
21.83415
21.39905
21.65596
21.09378
21.23055
23.22857
20.28882
21.48092
20.20045
23.26053
21.92241
21.55534
22.33376
21.54095
21.02987
22.05252
21.62593
21.10564
21.93839
21.05783
22.72725
22.29998
22.00914
21.34327
21.40314
20.83841
22.10752
21.79506
21.79981
21.37868
21.76032
21.728
21.29164
21.69567
21.30794
21.60959
21.32126
21.57349
20.83941
21.43165
22.17377
21.46872
21.68089
22.25425
21.34909
21.72758
20.98509
22.50211
21.21918
22.21844
21.58939
21.72869
21.56181
22.19807
21.44523
21.35149
21.54867
22.05976
22.34555
22.13898
21.04655
21.09464
20.07973
22.32767
20.80539
21.26955
22.30783
21.98702
20.77911
21.93655
21.97306
20.57118
21.3391
22.19204
21.07577
21.53314
21.05001
21.22997
21.70037
21.64691
21.57465
21.37296
21.32196
21.13693
22.94726
21.18871
21.21846
21.44523
21.46824
22.15
21.74094
21.9992
22.33426
22.08007
21.38029
21.57744
22.07308
21.30061
22.12053
20.96042
21.86186
21.14332
21.81607
21.15471
21.09048
21.39593
20.72393
22.16273
21.20907
20.90112
21.28874
21.50125
21.82607
22.07509
20.8804
21.21316
20.84946
21.43904
20.72836
21.47777
22.01546
21.09999
21.21382
21.86648
20.25249
21.34817
20.65104
21.53241
21.74082
21.59939
19.7022
20.90162
21.12645
21.83725
21.71608
20.9696
21.46562
21.52242
21.42871
21.87282
21.85371
20.48942
22.19637
21.68019
21.63274
20.78471
21.59079
21.24082
20.84459
20.265
21.47007
20.78179
21.52433
20.98143
20.98141
21.34947
21.65914
21.05037
20.78351
20.7613
20.68583
21.35005
21.73665
20.65472
20.95303
21.16318
21.58773
21.92655
21.56959
20.40762
22.16367
21.6414
21.02902
20.80279
20.95892
21.60515
21.41971
20.92521
21.66572
21.56187
20.53016
20.74617
20.29165
20.57332
21.78994
21.08775
21.04664
21.07506
21.45535
20.10721
20.25467
20.83157
20.12179
21.18715
20.98963
21.21709
21.04061
20.57268
21.13162
20.79364
20.9862
