28.80085
177.5662
269.3719
245.0421
246.2862
240.1737
245.4538
252.4367
245.8322
246.7453
251.7121
337.1541
394.8623
351.3175
213.2642
384.3059
386.9749
380.9461
368.2138
379.7735
369.3107
378.4185
348.3916
346.8817
351.7935
340.1889
189.4528
199.9948
351.8806
346.4377
354.2649
329.507
340.4019
336.9473
338.356
305.3086
272.2567
386.3761
321.2369
345.0266
340.655
346.7911
341.6883
349.9519
338.1517
348.1248
347.5395
333.2459
329.2067
329.9287
335.5752
322.3515
292.9382
283.385
310.4459
317.5076
322.6284
287.605
284.1104
277.563
291.9321
276.6046
264.6811
263.8438
274.0869
280.5818
257.4308
251.1774
261.6289
276.0547
254.9976
249.4969
269.094
263.4629
247.2826
264.1957
256.0471
251.3047
264.7665
243.9906
263.7805
246.6164
248.6343
240.5805
248.8801
243.2383
248.6222
244.0271
247.8367
245.4949
244.7408
246.6472
243.9205
248.0582
243.4456
248.8633
243.8652
247.8167
241.6307
249.1291
240.9164
249.9387
239.3475
251.6963
241.7955
247.5804
242.0426
247.5265
243.8616
247.9792
244.4588
245.6087
245.3236
244.3913
246.7
242.1227
250.5376
242.2108
250.4429
241.2464
252.3481
240.6294
251.6335
242.1179
392.9235
353.6388
274.3424
277.0943
277.5793
275.8013
279.6639
275.3077
279.4149
274.4677
278.0268
275.2516
275.0114
277.7986
272.3462
273.9664
273.0997
275.7411
272.0851
216.2397
190.3787
243.9216
239.5658
244.191
238.7715
137.1653
167.1472
354.4492
341.2806
360.9228
390.4725
354.8075
317.7893
320.8727
320.3921
317.5019
323.4068
313.5939
321.6073
313.6867
319.891
314.2055
313.1304
317.2097
315.7121
316.452
314.3843
312.7065
315.235
317.2841
314.0649
315.4713
310.4673
315.8318
312.0062
291.8437
254.0184
330.1279
480.5718
420.0726
418.9704
438.3204
342.3717
342.8953
344.8371
341.3318
348.0029
343.0496
351.9456
341.7772
344.136
347.914
342.6497
347.462
345.2154
342.7099
341.7586
343.7642
349.3266
343.6676
359.8648
550.6643
568.8458
599.4715
637.7239
662.25
693.0867
728.5603
762.9432
795.2249
798.6971
542.6229
536.292
532.3784
529.9157
529.8186
533.0227
527.545
524.6505
518.5814
524.636
524.5063
515.7358
516.4388
517.3409
515.3706
517.3514
515.9194
511.8408
512.2855
512.9675
513.8352
511.2762
506.0241
509.1522
513.8514
507.0431
508.4891
508.8051
510.35
508.0568
516.9594
576.0888
585.2153
598.2049
585.8859
602.1285
601.7253
603.5157
607.2629
620.5385
618.2003
625.3172
630.7271
632.7295
637.4828
642.7054
663.5259
645.3089
657.5227
667.5817
662.7899
668.8817
679.7001
684.3118
683.5157
692.504
713.7756
707.6584
712.463
723.101
725.825
724.1492
731.5702
737.5121
742.7668
756.1794
765.5978
757.4655
699.374
664.304
684.2762
672.1501
665.5562
670.23
669.1144
664.2949
674.0266
667.3691
675.0293
664.9297
659.2861
658.017
664.0926
662.4418
656.6551
661.5562
658.8527
675.0513
658.9294
663.0972
662.4616
658.0934
670.759
659.1135
672.4556
656.0536
672.2275
659.0137
651.2217
660.277
652.171
647.0131
656.2059
658.2078
653.5071
652.9673
656.1365
653.4119
647.3826
662.7953
651.3055
654.6943
652.4902
651.1484
666.4325
643.5866
666.0725
651.146
652.8329
649.5585
649.0912
646.483
647.1504
652.0381
644.6652
643.5511
648.0995
646.7145
640.2544
662.3817
646.137
643.7396
641.8967
648.9164
644.6851
658.7955
646.1377
640.549
640.9704
645.1119
641.2979
643.1812
648.3712
642.5615
644.027
638.6699
643.6933
635.7849
644.2974
645.6151
642.3489
658.3168
640.6109
644.9841
643.7916
638.7977
645.9885
635.8304
638.8752
635.7333
633.1044
645.1955
636.697
633.4953
637.9351
636.7032
634.1626
625.641
636.1297
636.8936
632.5677
654.2145
636.3741
654.6827
631.7116
635.4736
636.4132
636.0652
640.8931
637.9214
637.6695
630.6809
650.303
631.7902
648.266
640.1207
636.2622
638.0419
633.066
634.0881
637.7397
638.8371
634.0981
656.0894
633.8209
641.4987
637.0381
637.4869
628.6295
633.791
645.4796
638.3001
644.1339
638.5193
640.3881
634.626
644.2314
640.7178
651.009
634.7972
633.3586
634.1788
638.6705
636.3128
643.0789
642.0192
634.5224
645.3708
636.0263
638.5367
645.6103
635.1874
631.7115
636.1411
633.4655
631.9688
635.1446
631.4488
639.3565
649.4993
635.61
637.0753
637.8391
654.2265
632.1752
635.8259
633.9669
639.4111
633.8283
635.2143
636.742
642.5472
641.3279
633.5549
633.5837
634.6999
644.3616
636.4445
631.6496
631.4042
635.0876
639.744
635.8151
637.1415
626.9602
630.6266
633.767
638.4612
636.0177
629.8669
636.527
633.0359
630.6959
642.074
635.9531
640.6022
641.3607
631.7789
634.0568
633.8166
629.5496
638.5283
633.5497
632.4396
637.583
632.8573
630.926
626.438
634.6514
624.3744
641.2051
631.3943
639.735
635.1439
632.7701
630.3074
644.9483
626.2408
644.4258
632.6505
630.1106
642.8986
626.9091
624.8404
633.6755
632.3201
627.4911
637.3838
627.8696
634.887
649.0928
625.0125
637.1677
631.4626
625.1915
644.8619
620.407
640.0782
627.7216
620.808
624.551
631.9112
628.8958
624.7551
639.3431
633.5206
637.8802
626.1083
628.7139
630.5972
630.8615
628.8014
634.015
630.9113
622.1038
622.1142
627.2648
632.9539
629.4787
644.6162
630.9917
625.9223
624.2504
617.9017
623.4644
625.8491
630.5561
636.7563
621.4738
459.3529
379.235
1725.43
1737.222
1784.005
1809.322
1856.808
1885.994
1897.683
1823.656
1620.663
1615.199
1596.44
1582.33
1595.272
1582.43
1585.619
1581.227
1585.013
1571.811
1488.557
1162.07
1157.038
1151.318
1164.849
1149.652
1163.682
1156.59
1157.492
1158.344
1156.998
1150.813
1153.503
1156.447
1144.684
1155.735
1151.043
1145.629
1150.554
1144.714
1151.493
1157.476
1149.843
1157.16
1155.155
1144.674
1157.299
1145.115
1158.162
1153.559
1154.345
1149.771
1155.331
1147.801
1153.714
1156.798
1154.047
1148.984
1149.527
1149.422
1141.693
1155.572
1142.733
1145.176
1146.803
1149.068
1143.709
1150.988
1146.557
1137.465
1148.892
1143.525
1147.229
1143.284
1149.295
1139.764
1149.527
1142.736
1145.827
1141.46
1131.506
1133.537
1137.53
1133.784
1129.392
1138.882
1126.016
1138.137
1134.161
1130.144
1138.855
1135.532
1140.634
1141.267
1142.461
1136.661
1155.931
1157.945
1150.212
1162.728
1148.503
1157.129
1153.578
1147.531
1151.736
1150.898
1148.338
1147.218
1148.774
1145.233
1152.963
1140.271
1148.216
1152.224
1144.684
1147.276
1147.013
1142.465
1150.549
1136.349
1144.431
1173.617
1450.86
1513.123
1555.001
1592.374
1607.572
1620.733
1600.136
1602.935
1595.861
1575.145
1589.41
1576.25
1138.387
1144.354
1134.297
1145.493
1140.899
1138.266
1138.779
1143.103
1138.084
1136.726
1145.638
1135.037
1147.375
1141.096
1141.237
1146.129
1145.888
1145.211
1147.417
1145.897
1142.032
1151.789
1138.815
1146.205
1148.327
1144.097
1148.772
1144.38
1149.11
1143.336
1147.301
1138.075
1147.79
1145.999
1138.661
1139.818
1127.666
1135.048
1136.44
1135.405
1130.733
1133.245
1131.68
1124.233
1136.215
1123.779
1134.009
1130.215
1125.117
1132.715
1122.793
1126.148
1123.428
1129.348
1122.413
1146.379
1138.914
1141.937
1147.797
1139.179
1137.28
1143.927
1137.991
1130.721
1138.443
1126.646
1135.482
1139.863
1128.829
1137.873
1131.23
1134.166
1137.37
1137.783
1127.774
1139.703
1134.592
1127.328
1137.23
1135.996
1403.74
1498.799
1549.987
1583.489
1609.484
1598.658
1602.341
1605.344
1580.774
1588.726
1578.783
1568.463
1572.5
1309.476
1124.373
1132.886
1134.764
1129.616
1125.469
1134.594
1132.12
1124.523
1136.679
1128.051
1130.336
1132.088
1136.119
1134.874
1132.822
1132.603
1135.567
1139.208
1132.254
1140.192
1131.818
1136.896
1141.958
1134.209
1137.781
1137.479
1140.759
1134.074
1140.804
1124.167
1123.105
1126.325
1114.073
1126.628
1120.062
1123.854
1122.804
1126.911
1120.939
1130.829
1126.127
1122.577
1132.571
1125.968
1130.72
1127.907
1125.492
1127.271
1126.42
1125.452
1133.124
1145.706
1131.427
1142.097
1137.533
1132.645
1151.295
1140.623
1148.046
1136.86
1145.572
1146.104
1141.227
1143.843
1149.578
1133.676
1143.23
1133.355
1139.04
1140.007
1139.333
1136.304
1195.358
1481.422
1533.314
1581.58
1594.364
1612.92
1602.111
1593.881
1596.417
1587.085
1584.806
1575.916
1583.006
1560.803
1191.118
1130.522
1134.616
1123.869
1136.381
1132.386
1131.863
1132.137
1129.412
1132.858
1140.895
1134.169
1132.396
1135.404
1141.347
1132.969
1138.191
1143.413
1133.695
1143.606
1140.624
1142.657
1135.063
1147.423
1135.027
1142.345
1145.922
1141.199
1140.176
1138.536
1132.095
1124.576
1135.715
1122.128
1130.423
1126.172
1129.225
1122.614
1132.401
1119.472
1126.365
1131.165
1124.231
1128.42
1132.284
1125.15
1121.863
1132.174
1124.206
1127.435
1128.819
1127.357
1136.689
1142.659
1138.001
1133.031
1146.632
1134.049
1148.402
1138.021
1128.175
1100.969
1130.738
1122.106
1124.122
1128.012
1119.598
1122.182
1118.171
1117.402
1114.331
1123.211
1353.03
1506.829
1548.036
1577.462
1602.031
1589.39
1585.355
1574.558
1576.607
1553.761
1568.88
1564.612
1568.009
1283.726
1125.705
1130.457
1124.531
1123.861
1124.368
1129.094
1124.031
1128.32
1134.086
1127.491
1129.043
1125.259
1128.599
1124.936
1137.665
1133.489
1132.996
1126.793
1133.68
1129.815
1125.24
1133.769
1137.093
1131.751
1126.461
1135.759
1132.04
1131.836
1114.693
1121.315
1119.363
1120.2
1114.648
1127.829
1124.992
1118.009
1124.256
1125.142
1123.562
