 1.78982300e+02
 1.88464000e+02
 1.90479100e+02
 1.89811500e+02
 1.85950800e+02
 1.87732000e+02
 1.87987900e+02
 1.87280300e+02
 1.86496300e+02
 1.87856000e+02
 9.16822200e+01
 5.62832500e+01
 6.39241200e+01
 5.67861200e+01
 1.85871200e+02
 3.84911800e+01
 3.71765500e+01
 3.47982800e+01
 3.40699800e+01
 3.45743200e+01
 3.49121400e+01
 3.36002900e+01
 3.42046700e+01
 3.37688700e+01
 3.43293500e+01
 1.78346100e+01
 1.81549700e+01
 1.74394200e+01
 1.77031600e+01
 7.00751300e+01
 5.27730300e+01
 5.66775800e+01
 5.33643100e+01
 3.55830000e+01
 5.19152300e+01
 1.80957400e+02
 8.18394900e+01
 8.07393500e+01
 7.91233700e+01
 7.94778900e+01
 7.99265300e+01
 7.85898400e+01
 6.20688900e+01
 3.37643500e+01
 1.64396000e+02
 8.22494500e+01
 8.47532500e+01
 8.37687500e+01
 8.24711400e+01
 8.55769000e+01
 8.75662300e+01
 8.11738200e+01
 8.58165900e+01
 8.39901000e+01
 8.71588200e+01
 8.79328500e+01
 8.30070900e+01
 3.48837500e+01
 3.19026800e+01
 3.30641800e+01
 1.49730100e+02
 8.67818300e+01
 9.32464100e+01
 8.79207000e+01
 9.51144100e+01
 9.14947000e+01
 9.14632700e+01
 9.54720700e+01
 8.91868300e+01
 9.81360800e+01
 9.80485700e+01
 9.38320200e+01
 9.64126400e+01
 3.81096500e+01
 3.00066200e+01
 3.13857100e+01
 1.49343400e+02
 9.98504900e+01
 1.07366200e+02
 1.06653900e+02
 1.05202400e+02
 1.03851900e+02
 1.09069800e+02
 1.17298300e+02
 1.12024800e+02
 1.09685900e+02
 1.13179300e+02
 1.20773500e+02
 1.09078400e+02
 4.54451100e+01
 3.11304600e+01
 3.10636700e+01
 1.41683400e+02
 1.11758600e+02
 1.32830600e+02
 1.08160100e+02
 1.19767700e+02
 1.21172800e+02
 1.19673000e+02
 1.17596700e+02
 1.18701200e+02
 1.25259200e+02
 1.18461100e+02
 1.17440200e+02
 1.22438000e+02
 4.74149400e+01
 2.77706400e+01
 2.73678800e+01
 1.60892500e+02
 1.27064300e+02
 1.30503800e+02
 1.29890800e+02
 1.20900000e+02
 1.15132900e+02
 1.27833200e+02
 1.32451800e+02
 1.21278100e+02
 1.13647000e+02
 1.29898900e+02
 1.46414100e+02
 1.19452400e+02
 6.31256900e+01
 2.85818400e+01
 2.82147100e+01
 1.44457400e+02
 1.35116500e+02
 1.45885300e+02
 1.30713200e+02
 1.28913800e+02
 1.33029800e+02
 1.35831400e+02
 1.40092500e+02
 1.31121400e+02
 1.33850400e+02
 1.39191600e+02
 1.41001900e+02
 1.42785500e+02
 5.98007800e+01
 2.87354000e+01
 2.78339800e+01
 1.42794800e+02
 1.46718100e+02
 1.52973800e+02
 1.53703300e+02
 1.43432700e+02
 1.35673500e+02
 1.55107600e+02
 1.56782500e+02
 1.53874400e+02
 1.40620300e+02
 1.40804700e+02
 1.63138300e+02
 1.56344100e+02
 5.83639700e+01
 2.69063900e+01
 2.62752300e+01
 1.39389500e+02
 1.82583000e+02
 1.61996400e+02
 1.52905100e+02
 1.48035400e+02
 1.57075200e+02
 1.61685800e+02
 1.66750500e+02
 1.56494000e+02
 1.47195100e+02
 1.46982000e+02
 1.61814400e+02
 1.63395500e+02
 7.57231900e+01
 2.89268600e+01
 2.86845600e+01
 1.44151700e+02
 1.78872500e+02
 1.70927100e+02
 1.55253500e+02
 1.53307600e+02
 1.75901200e+02
 1.79689500e+02
 1.66238800e+02
 1.66775400e+02
 1.53907200e+02
 1.57628200e+02
 1.70783500e+02
 1.76487100e+02
 6.51384000e+01
 2.63561400e+01
 2.60202500e+01
 1.57094000e+02
 1.84037700e+02
 1.84967700e+02
 1.67116100e+02
 1.68465900e+02
 1.69840100e+02
 1.72478300e+02
 1.66924100e+02
 1.68724100e+02
 1.74648600e+02
 1.69535100e+02
 1.68440000e+02
 6.56660400e+01
 2.61664500e+01
 2.63019600e+01
 1.77623300e+02
 1.81469200e+02
 1.83286700e+02
 1.78096300e+02
 1.75998100e+02
 1.83615500e+02
 1.79769600e+02
 1.74638200e+02
 1.75714300e+02
 1.79897000e+02
 1.80831200e+02
 1.91587200e+02
 1.83890700e+02
 4.95487000e+01
 2.58457700e+01
 2.68066900e+01
 1.84552100e+02
 1.81552100e+02
 1.86481200e+02
 1.79707800e+02
 1.79404100e+02
 1.74524100e+02
 1.77838500e+02
 1.78170100e+02
 1.78163700e+02
 1.83321600e+02
 1.78156800e+02
 1.79025100e+02
 1.74039900e+02
 6.03812400e+01
 2.84967500e+01
 2.85325200e+01
 1.89097700e+02
 1.91808400e+02
 1.84971300e+02
 1.81301500e+02
 1.77884800e+02
 1.81418400e+02
 1.85027900e+02
 1.92091900e+02
 1.85210300e+02
 1.83001400e+02
 1.82904400e+02
 1.92433300e+02
 5.49116800e+01
 2.57363400e+01
 2.61748000e+01
 2.00451800e+02
 1.99412700e+02
 1.99369700e+02
 1.94516000e+02
 1.96145900e+02
 1.88766400e+02
 1.89078200e+02
 1.91774200e+02
 1.98996300e+02
 1.90545200e+02
 1.94770400e+02
 4.71077000e+01
 2.48013400e+01
 2.59252300e+01
 2.19679100e+02
 2.03672500e+02
 2.02128400e+02
 1.93771800e+02
 2.00219600e+02
 1.98296800e+02
 1.99164100e+02
 1.96700000e+02
 1.99897900e+02
 1.97978100e+02
 1.89271700e+02
 1.97622600e+02
 1.95772900e+02
 2.59383300e+01
 2.57392900e+01
 2.50649500e+01
 2.42699500e+02
 1.90511600e+02
 2.01688400e+02
 2.07785100e+02
 2.07181500e+02
 2.07999900e+02
 1.95076800e+02
 1.90638500e+02
 1.97872900e+02
 1.97560800e+02
 2.02896500e+02
 1.98687100e+02
 1.88537400e+02
 2.51804300e+01
 2.57127700e+01
 2.55943500e+01
 2.59220400e+02
 1.95757000e+02
 1.94832900e+02
 1.93168100e+02
 1.94670800e+02
 1.97741700e+02
 2.01968800e+02
 1.98919800e+02
 1.99401300e+02
 1.99646700e+02
 1.99396500e+02
 1.87634600e+02
 2.54308700e+01
 2.59184600e+01
 2.63168100e+01
 2.39357400e+02
 1.99950100e+02
 2.09938100e+02
 2.06665400e+02
 2.00329500e+02
 2.02967600e+02
 1.95628100e+02
 1.98383200e+02
 2.02156400e+02
 2.11757800e+02
 2.03715400e+02
 2.01611700e+02
 2.50093200e+01
 2.50576800e+01
 2.55618200e+01
 2.47263100e+02
 2.04013300e+02
 2.01669400e+02
 2.06597900e+02
 2.00693800e+02
 2.04299100e+02
 2.00081900e+02
 2.06872500e+02
 2.00241600e+02
 2.07386100e+02
 2.00971500e+02
 2.00913300e+02
 2.01606600e+02
 2.73550800e+01
 2.59907200e+01
 2.54275600e+01
 2.46201400e+02
 2.05901600e+02
 2.03819500e+02
 2.04695000e+02
 2.04567000e+02
 2.07853400e+02
 2.01462400e+02
 2.11085300e+02
 2.05123000e+02
 2.00000400e+02
 2.02956300e+02
 1.97794400e+02
 2.01818000e+02
 3.79083000e+01
 2.50246900e+01
 2.57075300e+01
 2.20908600e+02
 2.10831200e+02
 2.07149400e+02
 2.00596100e+02
 2.07941400e+02
 2.04339000e+02
 2.17059600e+02
 2.16219700e+02
 1.88678900e+02
 1.96192800e+02
 2.08534900e+02
 2.18281700e+02
 2.02452600e+02
 4.17530600e+01
 2.57062500e+01
 2.55203900e+01
 2.17804900e+02
 2.03833500e+02
 2.07009100e+02
 2.08657100e+02
 2.03411800e+02
 2.03662200e+02
 2.10671200e+02
 2.03107300e+02
 1.99625700e+02
 2.52968700e+01
 2.21157700e+02
 2.01510600e+02
 1.93961900e+02
 1.99936500e+02
 1.93841200e+02
 1.96245800e+02
 1.94590900e+02
 1.95231100e+02
 1.97023100e+02
 1.98187000e+02
 1.93804900e+02
 1.91037100e+02
 1.91460400e+02
 3.09320200e+01
 2.57396400e+01
 2.55013700e+01
 2.45785500e+02
 2.09469900e+02
 2.02099000e+02
 1.97874800e+02
 2.05569100e+02
 2.05919000e+02
 1.96316300e+02
 1.99952000e+02
 1.98178200e+02
 2.09109000e+02
 1.99745100e+02
 1.98888500e+02
 1.89626500e+02
 2.52167700e+01
 2.59504500e+01
 2.54062000e+02
 2.03101300e+02
 2.04140100e+02
 2.02404800e+02
 1.97338000e+02
 2.00747100e+02
 1.94555800e+02
 1.92666200e+02
 1.92931800e+02
 2.01737100e+02
 1.89137800e+02
 1.89961100e+02
 1.82274700e+02
 2.65546400e+01
 2.62048200e+01
 2.53086700e+01
 2.62048800e+02
 2.05390900e+02
 2.01812100e+02
 2.00922900e+02
 2.12465200e+02
 2.17453100e+02
 2.10246500e+02
 1.94438500e+02
 1.92648100e+02
 1.95078800e+02
 1.99348800e+02
 2.01606900e+02
 1.93692700e+02
 2.55895800e+01
 2.56799700e+01
 2.91932700e+01
 2.88841300e+02
 2.06768300e+02
 2.02946500e+02
 1.97478600e+02
 2.06033700e+02
 2.02339900e+02
 2.00003300e+02
 1.99852400e+02
 1.99721900e+02
 1.94964200e+02
 2.02739900e+02
 1.90843400e+02
 1.72232000e+02
 2.47218400e+01
 2.60288200e+01
 2.51243800e+01
 2.53476600e+02
 2.07445600e+02
 2.05874800e+02
 2.03138900e+02
 1.95258000e+02
 1.99839500e+02
 1.98903200e+02
 1.99011100e+02
 1.96878700e+02
 1.99353900e+02
 2.01088700e+02
 2.03517800e+02
 1.97443800e+02
 2.48257000e+01
 2.60113300e+01
 2.60731800e+01
 2.61808000e+02
 2.10550400e+02
 2.10007700e+02
 2.00834800e+02
 2.06415500e+02
 2.03647100e+02
 1.99314600e+02
 1.94486500e+02
 1.88846700e+02
 1.98450500e+02
 1.97742800e+02
 2.05540800e+02
 1.98552000e+02
 2.50122700e+01
 2.56024600e+01
 2.64293100e+02
 2.12972500e+02
 2.04324800e+02
 2.00182300e+02
 2.06345700e+02
 2.01592500e+02
 2.66040100e+02
 3.01777900e+02
 3.98155800e+02
 3.61037400e+02
 3.38524100e+02
 3.33444600e+02
 3.43340000e+02
 3.40250200e+02
 3.22283300e+02
 3.17122000e+02
 3.14074200e+02
 3.26700600e+02
 3.21162800e+02
 3.16649900e+02
 2.51059300e+02
 1.82690400e+02
 1.83125100e+02
 2.33638700e+02
 3.59972600e+02
 3.28611800e+02
 3.24672600e+02
 3.17501300e+02
 3.18692900e+02
 3.12263900e+02
 3.09957300e+02
 3.07576100e+02
 3.11276100e+02
 3.03809100e+02
 3.00553500e+02
 3.08834300e+02
 1.81912200e+02
 1.81187700e+02
 2.31363400e+02
 3.71298900e+02
 3.17028300e+02
 3.14438600e+02
 2.38329000e+02
 1.81334900e+02
 3.75440100e+02
 3.13763400e+02
 3.18611800e+02
 3.19009200e+02
 3.18614600e+02
 3.16864800e+02
 3.12254600e+02
 3.13110600e+02
 3.24126900e+02
 3.25334100e+02
 3.32688400e+02
 3.39418800e+02
 3.26138100e+02
 3.33059100e+02
 3.28183000e+02
 3.08108300e+02
 2.96997900e+02
 3.13889600e+02
 3.05187200e+02
 3.11216200e+02
 3.15303800e+02
 3.39710500e+02
 3.37420400e+02
 3.35579800e+02
 3.19041500e+02
 3.00496500e+02
 2.86976500e+02
 2.76245900e+02
 2.63154600e+02
 2.64701900e+02
 2.66187200e+02
 2.55599500e+02
 2.54077300e+02
 2.59331400e+02
 2.52202400e+02
 2.48615500e+02
 2.53602800e+02
 2.58582900e+02
 2.47538400e+02
 2.54237700e+02
 2.53188900e+02
 2.46451900e+02
 2.56219600e+02
 2.47068400e+02
 2.55162600e+02
 2.49669300e+02
 2.48117400e+02
 2.50268700e+02
 2.48931700e+02
 2.47997300e+02
 2.47433400e+02
 2.48313400e+02
 2.48732000e+02
 2.47190700e+02
 2.45994800e+02
 2.48945600e+02
 2.45423700e+02
 2.50605500e+02
 2.43896900e+02
 2.48270300e+02
 2.45663300e+02
 2.47335000e+02
 2.44209800e+02
 2.46425100e+02
 2.44998900e+02
 2.45907000e+02
 2.44954200e+02
 2.46439200e+02
 2.45851800e+02
 2.49620200e+02
 2.45502300e+02
 2.47401200e+02
 2.47351300e+02
 2.47325700e+02
 2.48499400e+02
 2.46050900e+02
 2.46873100e+02
 2.45613400e+02
 2.47954000e+02
 2.46997000e+02
 2.48559700e+02
 2.45392900e+02
 2.48396500e+02
 2.46165900e+02
 2.46950700e+02
 2.48214400e+02
 2.59293500e+02
 4.14549400e+02
 3.42623900e+02
 2.79199700e+02
 2.80102400e+02
 2.82006000e+02
 2.80294800e+02
 2.82840700e+02
 2.83568200e+02
 2.82024200e+02
 2.83251400e+02
 2.82862100e+02
 2.80969500e+02
 2.81698000e+02
 2.80516200e+02
 2.79339500e+02
 2.80278200e+02
 2.79615600e+02
 2.79498100e+02
 2.78603000e+02
 1.96817000e+02
 1.84468400e+02
 2.60126400e+02
 2.41980300e+02
 2.47487000e+02
 2.43043500e+02
 2.48104300e+02
 2.48206800e+02
 2.50853200e+02
 2.49043700e+02
 2.54738900e+02
 2.51744100e+02
 2.50442500e+02
 2.49911900e+02
 2.47658400e+02
 2.47744100e+02
 2.50028700e+02
 2.50071400e+02
 2.49840400e+02
 2.49913000e+02
 2.47850300e+02
 2.50635100e+02
 2.46716400e+02
 2.47827100e+02
 2.49998000e+02
 2.47334200e+02
 2.49016500e+02
 2.48647200e+02
 2.46443500e+02
 2.50017500e+02
 2.50082000e+02
 2.48668500e+02
 2.49890400e+02
 2.48719400e+02
 2.48530900e+02
 2.50610700e+02
 2.45057800e+02
 2.48753200e+02
 2.45062800e+02
 2.48397100e+02
 2.46876700e+02
 2.48203000e+02
 2.49160300e+02
 2.48264900e+02
 2.47564800e+02
 2.51428300e+02
 2.46601100e+02
 2.49999900e+02
 2.49820700e+02
 2.45097300e+02
 2.48909400e+02
 2.48121600e+02
 2.48457000e+02
 2.50081300e+02
 2.48295500e+02
 2.49312100e+02
 2.48318300e+02
 2.46592600e+02
 2.49034700e+02
 2.49081000e+02
 2.49010700e+02
 2.50115300e+02
 2.48196600e+02
 2.46687300e+02
 2.45947400e+02
 2.47008300e+02
 2.43974700e+02
 6.48061600e+01
 1.58130800e+02
 1.38953500e+02
 1.13341400e+02
 1.23381000e+02
 1.23451300e+02
 1.23760400e+02
 1.23954700e+02
 1.29625000e+02
 1.20888200e+02
 1.33630000e+02
 1.32611500e+02
 5.23694900e+01
 2.73411000e+01
 2.74695900e+01
 1.61744100e+02
 1.46591200e+02
 1.40690000e+02
 1.23753600e+02
 1.42575400e+02
 1.40596600e+02
 1.31664500e+02
 1.35806600e+02
 1.51678900e+02
 1.37400000e+02
 1.47046300e+02
 1.50291700e+02
 1.40003200e+02
 5.87880000e+01
 2.76207000e+01
 2.73372200e+01
 1.67040700e+02
 1.50934700e+02
 1.58966400e+02
 1.50287900e+02
 1.51759300e+02
 1.50115600e+02
 1.51676500e+02
 1.58936900e+02
 1.52583800e+02
 1.60161200e+02
 1.61465900e+02
 1.55528800e+02
 1.58259400e+02
 5.01312200e+01
 2.71281300e+01
 2.73584700e+01
 1.84143300e+02
 1.81520800e+02
 1.69894900e+02
 1.68985900e+02
 1.70224800e+02
 1.67795300e+02
 1.71587400e+02
 1.81404200e+02
 1.77178400e+02
 1.76729500e+02
 1.74098300e+02
 1.79044100e+02
 1.90675200e+02
 4.16526900e+01
 2.72738400e+01
 2.75587600e+01
 2.05626700e+02
 1.93741800e+02
 1.91830900e+02
 1.95230400e+02
 1.91277300e+02
 1.86802200e+02
 1.93475900e+02
 1.99635600e+02
 1.86946600e+02
 1.92015500e+02
 2.08150800e+02
 2.00144100e+02
 1.97504700e+02
 3.77677800e+01
 2.73242600e+01
 2.70306900e+01
 2.24319000e+02
 2.14959400e+02
 2.03528200e+02
 2.10864500e+02
 2.19999500e+02
 2.04335900e+02
 2.07264800e+02
 2.13629600e+02
 2.13286500e+02
 2.20573000e+02
 2.09839900e+02
 2.25807600e+02
 2.15906700e+02
 2.69635400e+01
 2.49543500e+01
 2.30749000e+02
 2.17296200e+02
 2.18696000e+02
 2.18348900e+02
 2.21116800e+02
 2.21131800e+02
 2.13464200e+02
 2.09184300e+02
 2.14268400e+02
 2.15863500e+02
 2.11459600e+02
 2.02897800e+02
 2.47415600e+01
 2.49026600e+01
 2.03859100e+02
 2.19210700e+02
 2.11929600e+02
 2.07863100e+02
 2.08983400e+02
 2.14671700e+02
 2.09341100e+02
 2.09463000e+02
 2.10582900e+02
 2.06792000e+02
 2.07218400e+02
 2.12316300e+02
 2.06497300e+02
 6.48100400e+01
 3.43801400e+01
 3.50491300e+01
 2.08675400e+02
 2.26407100e+02
 2.22224300e+02
 2.34595200e+02
 2.23066300e+02
 2.19694800e+02
 2.33920100e+02
 2.30883900e+02
 2.36614400e+02
 2.22694400e+02
 2.18138100e+02
 2.23891100e+02
 2.44786500e+02
 3.36653400e+01
 2.54436800e+01
 2.48648500e+01
 2.22215000e+02
 2.44665400e+02
 2.39830100e+02
 2.35578900e+02
 2.30624000e+02
 2.27958200e+02
 2.29697800e+02
 2.19314300e+02
 2.25919900e+02
 2.30966800e+02
 2.32156600e+02
 2.25435300e+02
 2.78284300e+01
 2.59223900e+01
 2.48388600e+01
 2.28991800e+02
 2.40711700e+02
 2.29560900e+02
 2.26147200e+02
 2.26139100e+02
 2.22894100e+02
 2.32646300e+02
 2.28019300e+02
 2.32584300e+02
 2.27581900e+02
 2.19760200e+02
 2.31368100e+02
 2.20355200e+02
 2.52698700e+01
 2.54227800e+01
 2.48702800e+01
 2.54853500e+02
 2.32772700e+02
 2.36789300e+02
 2.41138200e+02
 2.24852800e+02
 2.30594900e+02
 2.29228800e+02
 2.36406000e+02
 2.20606900e+02
 2.21175300e+02
 2.30417000e+02
 2.19696800e+02
 2.08398700e+02
 2.49980600e+01
 2.53595600e+01
 2.51309800e+01
 2.63511900e+02
 2.38940000e+02
 2.34134100e+02
 2.24436000e+02
 2.29215700e+02
 2.25045000e+02
 2.19712900e+02
 2.18486900e+02
 2.23857700e+02
 2.19550500e+02
 2.15591700e+02
 2.15876600e+02
 1.99823600e+02
 2.55420100e+01
 2.50498600e+01
 2.51124200e+01
 2.66581200e+02
 2.36516800e+02
 2.36830700e+02
 2.51353900e+02
 2.21119600e+02
 2.33273700e+02
 2.33035100e+02
 2.33783400e+02
 2.30018000e+02
 2.35802800e+02
 2.29020400e+02
 1.85910000e+02
 2.56820500e+01
 2.50965500e+01
 2.65320500e+01
 2.78613200e+02
 2.26286900e+02
 2.32316700e+02
 2.32265400e+02
 2.32499600e+02
 2.15861700e+02
 2.29230300e+02
 2.20093700e+02
 2.23105600e+02
 2.28016600e+02
 2.26910700e+02
 1.78720600e+02
 2.60207400e+01
 2.40633700e+01
 4.10003300e+01
 2.94313700e+02
 2.50709100e+02
 1.95475100e+02
 2.84432100e+02
 4.24045800e+02
 3.87009900e+02
 3.77647200e+02
 3.72396400e+02
 3.78227700e+02
 3.67945700e+02
 3.61289700e+02
 3.58419400e+02
 3.68259800e+02
 3.60660100e+02
 3.52860000e+02
 3.50924400e+02
 2.84636800e+02
 1.90966800e+02
 1.91043700e+02
 2.57321300e+02
 4.03941900e+02
 3.77015600e+02
 3.47449400e+02
 3.34136900e+02
 3.41364600e+02
 3.42959800e+02
 3.39171500e+02
 3.37337300e+02
 3.43740300e+02
 3.39672200e+02
 3.39328100e+02
 3.34023400e+02
 2.47924500e+02
 1.82960300e+02
 2.19454300e+02
 3.98902000e+02
 3.45218800e+02
 3.38500500e+02
 3.43150900e+02
 3.36279700e+02
 3.31493000e+02
 3.37038800e+02
 3.38829700e+02
 3.47807300e+02
 3.48222700e+02
 3.44999300e+02
 3.40385500e+02
 3.46514400e+02
 3.36332500e+02
 3.52981900e+02
 3.26763500e+02
 3.26832100e+02
 3.13566300e+02
 3.02912000e+02
 2.92783500e+02
 2.91116100e+02
 2.95159300e+02
 3.06819200e+02
 3.05404500e+02
 3.08175700e+02
 2.94883700e+02
 2.85424100e+02
 2.84186200e+02
 3.03812600e+02
 2.87316000e+02
 2.72365300e+02
 2.66221500e+02
 2.87204500e+02
 2.92908400e+02
 2.61738500e+02
 2.60526900e+02
 2.90754400e+02
 2.90133900e+02
 2.64408200e+02
 2.86705500e+02
 2.85465500e+02
 2.59538500e+02
 2.98814000e+02
 2.65776700e+02
 2.80713300e+02
 2.81337100e+02
 2.60667100e+02
 2.53018100e+02
 2.51588100e+02
 2.67094900e+02
 2.48678700e+02
 2.67339600e+02
 2.47907300e+02
 2.68828300e+02
 2.51391400e+02
 2.63687700e+02
 2.51456600e+02
 2.60730100e+02
 2.54142000e+02
 2.57984800e+02
 2.57456100e+02
 2.55497000e+02
 2.60708000e+02
 2.49777300e+02
 2.64092300e+02
 2.46510300e+02
 2.65689000e+02
 2.46147000e+02
 2.63142000e+02
 2.46528100e+02
 2.63206100e+02
 2.47303000e+02
 2.62626800e+02
 2.47890200e+02
 2.60133800e+02
 2.51201600e+02
 2.55951500e+02
 2.56820400e+02
 2.52391200e+02
 2.60453100e+02
 2.50321000e+02
 2.26991000e+02
 1.81892200e+02
 1.91081100e+02
 3.08888600e+02
 3.02646600e+02
 2.99748700e+02
 3.05427600e+02
 3.02894400e+02
 2.98301800e+02
 3.03754000e+02
 3.07703600e+02
 3.11941100e+02
 3.11911500e+02
 3.14476900e+02
 3.14186200e+02
 3.14311200e+02
 3.09777600e+02
 3.12136000e+02
 3.02543700e+02
 3.12392100e+02
 3.03934200e+02
 2.94437000e+02
 2.90393000e+02
 2.87121900e+02
 2.94337300e+02
 1.64932800e+02
 2.81120600e+01
 2.59628600e+01
 1.85533700e+02
 1.64026400e+02
 1.64122300e+02
 1.52124600e+02
 1.51063200e+02
 1.63164800e+02
 1.57465500e+02
 1.44212100e+02
 1.48183600e+02
 1.59068100e+02
 1.70168700e+02
 1.60447700e+02
 1.53442200e+02
 5.49219400e+01
 2.55861300e+01
 2.48350500e+01
 2.00000100e+02
 1.60980400e+02
 1.64996800e+02
 1.71199900e+02
 1.53308600e+02
 1.58440300e+02
 1.59347400e+02
 1.61287000e+02
 1.60736700e+02
 1.54147000e+02
 1.56598400e+02
 1.59184900e+02
 1.58685500e+02
 4.18159600e+01
 2.48187900e+01
 2.43891900e+01
 2.06325600e+02
 1.69384900e+02
 1.65099100e+02
 1.63667500e+02
 1.58755900e+02
 1.59069200e+02
 1.61257300e+02
 1.63918800e+02
 1.57888900e+02
 1.62638200e+02
 1.59624600e+02
 1.58828200e+02
 1.61654400e+02
 2.73761300e+01
 2.80459000e+01
 2.72438700e+01
 2.71730100e+02
 1.82694200e+02
 1.69939500e+02
 1.76814300e+02
 1.72186900e+02
 1.76501100e+02
 1.80972500e+02
 1.82689700e+02
 1.78518000e+02
 1.74976300e+02
 1.80339200e+02
 1.87112300e+02
 1.70813600e+02
 2.62756000e+01
 1.90583300e+02
 1.80901000e+02
 1.81135900e+02
 1.77881000e+02
 1.78548000e+02
 1.81338600e+02
 1.80217200e+02
 1.81813800e+02
 1.76415100e+02
 1.76146600e+02
 1.73953900e+02
 1.72916600e+02
 2.49615200e+01
 2.52780600e+01
 2.58006800e+01
 2.43415100e+02
 1.85774700e+02
 1.88407300e+02
 1.98389500e+02
 1.85675900e+02
 1.92291400e+02
 1.89874700e+02
 1.89399700e+02
 1.87098600e+02
 1.87279000e+02
 1.83430400e+02
 1.82192500e+02
 1.76580000e+02
 2.49543200e+01
 2.50200200e+01
 2.65398700e+01
 2.82487700e+02
 1.89185900e+02
 1.91742800e+02
 1.96686700e+02
 2.05142200e+02
 1.95791100e+02
 2.00667100e+02
 1.87202100e+02
 1.99957700e+02
 1.92461500e+02
 1.80370600e+02
 1.87640700e+02
 2.56551400e+01
 2.55262200e+01
 2.62228400e+01
 2.66984500e+02
 1.95669000e+02
 1.93126300e+02
 1.93803900e+02
 1.94029300e+02
 1.97299500e+02
 1.88453800e+02
 1.93577900e+02
 1.95101900e+02
 1.95147200e+02
 1.87489100e+02
 1.78737800e+02
 1.63888300e+02
 2.63556000e+01
 2.49375600e+01
 3.35344700e+01
 2.61397000e+02
 1.98993500e+02
 1.87531100e+02
 1.80851700e+02
 1.93585700e+02
 2.30910200e+02
 2.09674000e+02
 3.53629900e+02
 3.50447800e+02
 3.30362500e+02
 3.31919200e+02
 3.34058400e+02
 3.25895500e+02
 3.34923500e+02
 3.20867200e+02
 3.19203700e+02
 3.16505300e+02
 3.20134900e+02
 2.76604400e+02
 1.85164800e+02
 1.83527500e+02
 1.93485600e+02
 3.90844600e+02
 3.10298700e+02
 3.14844900e+02
 3.23217600e+02
 3.30030200e+02
 3.25492900e+02
 3.16834400e+02
 3.17171500e+02
 3.18699900e+02
 3.22734500e+02
 3.27597700e+02
 3.14700800e+02
 2.64279700e+02
 1.84545100e+02
 1.84380200e+02
 1.85904400e+02
 1.84820500e+02
 3.42407100e+02
 3.33133700e+02
 3.15241100e+02
 3.22616800e+02
 3.24516200e+02
 3.27001000e+02
 3.23693300e+02
 3.35811300e+02
 3.25324500e+02
 3.21931700e+02
 3.31079900e+02
 3.37783400e+02
 3.39548600e+02
 3.46506700e+02
 3.35291700e+02
 3.47659100e+02
 3.27312000e+02
 3.14899700e+02
 3.30299700e+02
 3.35601400e+02
 3.42020800e+02
 3.26874800e+02
 3.24563200e+02
 3.28409800e+02
 3.14509000e+02
 2.83233400e+02
 2.64651900e+02
 2.60734300e+02
 2.59496500e+02
 2.71980200e+02
 2.86754300e+02
 2.65180400e+02
 2.51995300e+02
 2.56647900e+02
 2.82705900e+02
 2.77334400e+02
 2.50268200e+02
 2.57392700e+02
 3.02270400e+02
 2.60176500e+02
 2.65011500e+02
 2.99170000e+02
 2.53897300e+02
 2.76081500e+02
 2.82686600e+02
 2.56760800e+02
 2.92798800e+02
 2.60209700e+02
 2.28220100e+02
 1.83298400e+02
 2.16435000e+02
 3.18283800e+02
 3.17969700e+02
 3.04626900e+02
 3.06326400e+02
 2.99680900e+02
 3.02452600e+02
 3.15070500e+02
 3.21563800e+02
 3.32458100e+02
 3.29195300e+02
 3.12591600e+02
 3.26086800e+02
 3.22124100e+02
 3.23820600e+02
 3.17918500e+02
 3.29557500e+02
 3.15006000e+02
 3.09823400e+02
 3.05923600e+02
 2.98647200e+02
 3.19413800e+02
 3.04093100e+02
 3.02074700e+02
 2.91303000e+02
 2.82208900e+02
 2.76751900e+02
 2.64348000e+02
 2.86959400e+02
 2.62671500e+02
 2.55797000e+02
 2.52849200e+02
 2.61060900e+02
 2.68755500e+02
 2.58661700e+02
 2.45702100e+02
 2.49993400e+02
 2.57201300e+02
 2.48364000e+02
 2.45109800e+02
 2.56984700e+02
 2.49169400e+02
 2.47765800e+02
 2.58904100e+02
 2.42989200e+02
 2.53498700e+02
 2.50940200e+02
 2.47625400e+02
 2.50190900e+02
 2.47377000e+02
 2.50417200e+02
 2.41780000e+02
 2.49962500e+02
 2.42193200e+02
 2.49300100e+02
 2.44642400e+02
 2.49906700e+02
 2.42181500e+02
 2.48504800e+02
 2.41424900e+02
 2.43515300e+02
 2.45298100e+02
 2.46279400e+02
 2.44724200e+02
 2.45227700e+02
 2.40837200e+02
 2.46985200e+02
 2.41822400e+02
 2.46212400e+02
 2.43570200e+02
 2.46822100e+02
 2.40412800e+02
 2.47716700e+02
 2.40493300e+02
 2.42580800e+02
 2.45664500e+02
 2.43833800e+02
 2.42979300e+02
 2.42271200e+02
 2.44339200e+02
 2.42515300e+02
 2.42354100e+02
 2.46994900e+02
 2.41519000e+02
 2.48086900e+02
 2.41423800e+02
 3.16986100e+02
 4.15471500e+02
 2.95566100e+02
 2.80783900e+02
 2.82742600e+02
 2.83681500e+02
 2.81494800e+02
 2.83750600e+02
 2.82166500e+02
 2.81618600e+02
 2.81781900e+02
 2.82960100e+02
 2.84836900e+02
 2.83498000e+02
 2.79226600e+02
 2.82022300e+02
 2.81372700e+02
 2.80222700e+02
 2.58682600e+02
 1.93139700e+02
 2.00249400e+02
 2.52365600e+02
 2.43760100e+02
 2.37208700e+02
 1.85196200e+02
 8.68041800e+01
 1.86909900e+02
 3.10573600e+02
 3.34017900e+02
 3.51339500e+02
 3.68088900e+02
 4.03531600e+02
 4.21056900e+02
 3.40807300e+02
 3.46539900e+02
 3.37149000e+02
 3.40763500e+02
 3.45061400e+02
 3.36383900e+02
 3.34923500e+02
 3.36014900e+02
 3.34101200e+02
 3.33820400e+02
 3.38303500e+02
 3.33555800e+02
 3.36572900e+02
 3.31930200e+02
 3.32506200e+02
 3.36206800e+02
 3.34615400e+02
 3.28155500e+02
 3.32058300e+02
 3.29928000e+02
 3.35255900e+02
 2.84219700e+02
 2.94011300e+02
 4.29673700e+02
 4.43669700e+02
 4.51595400e+02
 4.76645400e+02
 4.19562800e+02
 3.74087600e+02
 3.75514800e+02
 3.75946000e+02
 3.72221700e+02
 3.76019700e+02
 3.71037900e+02
 3.68100300e+02
 3.68103300e+02
 3.75883500e+02
 3.68307400e+02
 3.66080000e+02
 3.72169600e+02
 3.69224900e+02
 3.67142900e+02
 3.64797000e+02
 3.68406200e+02
 3.65807900e+02
 3.66379700e+02
 4.88638500e+02
 5.98677600e+02
 6.24137500e+02
 6.63660800e+02
 6.99119900e+02
 7.46937900e+02
 7.73534300e+02
 8.05650100e+02
 8.51211100e+02
 8.92169700e+02
 7.52859700e+02
 5.94332300e+02
 6.01313700e+02
 6.06248800e+02
 6.15005200e+02
 6.03030300e+02
 6.02850100e+02
 6.04436500e+02
 6.06615100e+02
 5.99061400e+02
 6.01211500e+02
 5.93235800e+02
 5.97037400e+02
 6.12924400e+02
 5.95769200e+02
 5.97520200e+02
 5.91971100e+02
 6.00315900e+02
 5.85363500e+02
 5.82159700e+02
 5.89116000e+02
 5.75844900e+02
 5.72772100e+02
 5.70185800e+02
 5.68346100e+02
 5.62538000e+02
 5.55825300e+02
 5.55022200e+02
 5.74575700e+02
 5.52290500e+02
 5.87449500e+02
 6.00812900e+02
 6.05769200e+02
 6.03708100e+02
 6.06748000e+02
 6.17814900e+02
 6.14434100e+02
 6.24085400e+02
 6.16282800e+02
 6.37068600e+02
 6.29418000e+02
 6.30924900e+02
 6.29913600e+02
 6.49922700e+02
 6.45072600e+02
 6.42733500e+02
 6.44899200e+02
 6.60575600e+02
 6.54715800e+02
 6.58871800e+02
 6.55482100e+02
 6.72460700e+02
 6.61133900e+02
 6.68914900e+02
 6.75578600e+02
 6.95687900e+02
 6.80084300e+02
 6.79603800e+02
 6.85906700e+02
 7.08498700e+02
 6.94067600e+02
 6.97819800e+02
 7.00078300e+02
 7.09910500e+02
 7.08492600e+02
 7.06001300e+02
 7.31086400e+02
 7.08011900e+02
 6.61250200e+02
 6.64774800e+02
 6.76500800e+02
 6.65646800e+02
 6.63669700e+02
 6.60107300e+02
 6.56740600e+02
 6.71196200e+02
 6.55482100e+02
 6.63585600e+02
 6.56531600e+02
 6.57315300e+02
 6.50297600e+02
 6.50863600e+02
 6.48817400e+02
 6.46122600e+02
 6.54877500e+02
 6.47791900e+02
 6.63395000e+02
 6.46733600e+02
 6.41178000e+02
 6.43064000e+02
 6.61441000e+02
 6.50080400e+02
 6.49343400e+02
 6.40624300e+02
 6.52529800e+02
 6.43872700e+02
 6.51453600e+02
 6.40735800e+02
 6.38512300e+02
 6.55812000e+02
 6.38688900e+02
 6.45663900e+02
 6.41772800e+02
 6.37915500e+02
 6.45672700e+02
 6.41492800e+02
 6.41277600e+02
 6.40054300e+02
 6.50430500e+02
 6.39144200e+02
 6.39802200e+02
 6.34066700e+02
 6.38011500e+02
 6.38217800e+02
 6.40502500e+02
 6.44072700e+02
 6.37638000e+02
 6.35111900e+02
 6.50171200e+02
 6.39038400e+02
 6.33133500e+02
 6.33656400e+02
 6.34414900e+02
 6.37363800e+02
 6.32062100e+02
 6.34538600e+02
 6.38353200e+02
 6.31309300e+02
 6.35219800e+02
 6.43533500e+02
 6.32241400e+02
 6.31548100e+02
 6.47830200e+02
 6.35266800e+02
 6.30304900e+02
 6.29110400e+02
 6.31206500e+02
 6.32267000e+02
 6.30711500e+02
 6.37077500e+02
 6.31426600e+02
 6.30082500e+02
 6.30198100e+02
 6.41112900e+02
 6.29170900e+02
 6.26346900e+02
 6.45606600e+02
 6.32218600e+02
 6.29411800e+02
 6.25511400e+02
 6.39765100e+02
 6.22258600e+02
 6.29926600e+02
 6.24707500e+02
 6.33977100e+02
 6.24158900e+02
 6.30347300e+02
 6.24925000e+02
 6.20900200e+02
 6.29029200e+02
 6.24405200e+02
 6.25882900e+02
 6.33370900e+02
 6.25448700e+02
 6.24076900e+02
 6.21834200e+02
 6.26875500e+02
 6.19863500e+02
 6.26810600e+02
 6.37348400e+02
 6.26843900e+02
 6.24317400e+02
 6.23046100e+02
 6.33158000e+02
 6.23633100e+02
 6.19649800e+02
 6.14631800e+02
 6.29588300e+02
 6.17973600e+02
 6.17600500e+02
 6.24531800e+02
 6.29891500e+02
 6.21194800e+02
 6.17163400e+02
 6.38091800e+02
 6.20528300e+02
 6.24153400e+02
 6.19679800e+02
 6.35395700e+02
 6.25306500e+02
 6.17461200e+02
 6.19153300e+02
 2.64034800e+02
 3.79313500e+02
 2.68979000e+03
 1.40380500e+03
 1.42588000e+03
 1.46740900e+03
 1.51019000e+03
 1.59499600e+03
 1.60877700e+03
 1.59721800e+03
 1.58419200e+03
 1.58237300e+03
 1.58507400e+03
 1.57213100e+03
 1.55676500e+03
 1.12432900e+03
 1.12106500e+03
 1.12908300e+03
 1.12685700e+03
 1.12480700e+03
 1.12306300e+03
 1.12914500e+03
 1.12526000e+03
 1.13331000e+03
 1.13184200e+03
 1.13065800e+03
 1.12176600e+03
 1.13115800e+03
 1.13444700e+03
 1.12833000e+03
 1.12695600e+03
 1.13280000e+03
 1.13027200e+03
 1.12881800e+03
 1.12365400e+03
 1.13403200e+03
 1.12937000e+03
 1.12304400e+03
 1.13102400e+03
 1.12842800e+03
 1.13882100e+03
 1.13788600e+03
 1.12640800e+03
 1.12945800e+03
 1.12931900e+03
 1.13597600e+03
 1.12355200e+03
 1.13021400e+03
 1.12332400e+03
 1.13158300e+03
 1.13383100e+03
 1.12092500e+03
 1.12687200e+03
 1.12361500e+03
 1.12980300e+03
 1.12575700e+03
 1.12228200e+03
 1.12676600e+03
 1.12926100e+03
 1.11593300e+03
 1.11532400e+03
 1.12503100e+03
 1.12031600e+03
 1.11292900e+03
 1.12125800e+03
 1.11086500e+03
 1.10787300e+03
 1.10496300e+03
 1.11018100e+03
 1.11246300e+03
 1.11153600e+03
 1.10534900e+03
 1.10871200e+03
 1.09709100e+03
 1.12099300e+03
 1.11983900e+03
 1.12616500e+03
 1.12387600e+03
 1.11803100e+03
 1.12210100e+03
 1.12616600e+03
 1.12010200e+03
 1.11156000e+03
 1.12251700e+03
 1.12281600e+03
 1.11982000e+03
 1.11900800e+03
 1.10970900e+03
 1.11578300e+03
 1.12002000e+03
 1.12359400e+03
 1.12198200e+03
 1.11476100e+03
 1.12078200e+03
 1.13052300e+03
 1.12803100e+03
 1.12214100e+03
 1.12695200e+03
 1.13137100e+03
 1.13186900e+03
 1.13785500e+03
 1.43241600e+03
 1.50242800e+03
 1.54074000e+03
 1.59041200e+03
 1.61597400e+03
 1.61663100e+03
 1.60330400e+03
 1.59891600e+03
 1.58749000e+03
 1.58117800e+03
 1.19308700e+03
 1.11041500e+03
 1.11365800e+03
 1.11756900e+03
 1.11326200e+03
 1.11766900e+03
 1.11250000e+03
 1.11015600e+03
 1.11205200e+03
 1.11853500e+03
 1.11990100e+03
 1.11682900e+03
 1.10868900e+03
 1.11750900e+03
 1.11832500e+03
 1.12408900e+03
 1.11919100e+03
 1.12647100e+03
 1.12417700e+03
 1.13018300e+03
 1.12926600e+03
 1.11724000e+03
 1.11974700e+03
 1.11515000e+03
 1.11904200e+03
 1.11635300e+03
 1.11217300e+03
 1.11679300e+03
 1.11225700e+03
 1.12000400e+03
 1.12266400e+03
 1.11328100e+03
 1.11796200e+03
 1.10540100e+03
 1.10722000e+03
 1.10524300e+03
 1.09239100e+03
 1.09731600e+03
 1.09657200e+03
 1.10199300e+03
 1.09863700e+03
 1.09921600e+03
 1.09011900e+03
 1.09140200e+03
 1.10324900e+03
 1.09878900e+03
 1.10112700e+03
 1.09463500e+03
 1.10078500e+03
 1.10414200e+03
 1.11473500e+03
 1.11301500e+03
 1.10756900e+03
 1.11263200e+03
 1.11939600e+03
 1.11240100e+03
 1.10895500e+03
 1.10745000e+03
 1.11832100e+03
 1.11991800e+03
 1.11175500e+03
 1.11646300e+03
 1.10943700e+03
 1.10877100e+03
 1.11728200e+03
 1.11505200e+03
 1.12116300e+03
 1.11646200e+03
 1.10725100e+03
 1.11521800e+03
 1.12161400e+03
 1.12671400e+03
 1.12129400e+03
 1.11230400e+03
 1.11909900e+03
 1.12079600e+03
 1.12972500e+03
 1.11897700e+03
 1.11139500e+03
 1.12882700e+03
 1.46221900e+03
 1.51875800e+03
 1.55602900e+03
 1.60323200e+03
 1.62065200e+03
 1.62945400e+03
 1.62005800e+03
 1.59585700e+03
 1.59846100e+03
 1.58902800e+03
 1.59393200e+03
 1.51424900e+03
 1.10989100e+03
 1.11513900e+03
 1.10858000e+03
 1.12066400e+03
 1.11550400e+03
 1.10656200e+03
 1.11294000e+03
 1.12155000e+03
 1.12056600e+03
 1.11290800e+03
 1.11317700e+03
 1.11563400e+03
 1.11905000e+03
 1.11536200e+03
 1.10817500e+03
 1.11399000e+03
 1.11819100e+03
 1.11950000e+03
 1.10818300e+03
 1.10555100e+03
 1.11243000e+03
 1.11562400e+03
 1.11303000e+03
 1.10839300e+03
 1.11668600e+03
 1.11135400e+03
 1.11555000e+03
 1.10180000e+03
 1.10348600e+03
 1.11326300e+03
 1.10347900e+03
 1.09831000e+03
 1.09530200e+03
 1.10856900e+03
 1.10175500e+03
 1.10700100e+03
 1.09831000e+03
 1.10787500e+03
 1.10890400e+03
 1.09903900e+03
 1.10995400e+03
 1.11245900e+03
 1.10823800e+03
 1.10160000e+03
 1.10914800e+03
 1.12398400e+03
 1.11967900e+03
 1.12125500e+03
 1.11795100e+03
 1.11678100e+03
 1.12690300e+03
 1.12075000e+03
 1.12470600e+03
 1.11425500e+03
 1.10931000e+03
 1.11606100e+03
 1.11951300e+03
 1.12156500e+03
 1.11217000e+03
 1.10907500e+03
 1.11448100e+03
 1.11315600e+03
 1.10343500e+03
 1.11417700e+03
 1.10925700e+03
 1.11382600e+03
 1.11181300e+03
 1.11756100e+03
 1.11707700e+03
 1.14953500e+03
 1.46703500e+03
 1.50425400e+03
 1.55893400e+03
 1.59751400e+03
 1.61482600e+03
 1.59782200e+03
 1.59687100e+03
 1.59024200e+03
 1.58980100e+03
 1.57585800e+03
 1.49944600e+03
 1.11350600e+03
 1.11118200e+03
 1.10600000e+03
 1.11654300e+03
 1.11094200e+03
 1.10998600e+03
 1.10011700e+03
 1.11296000e+03
 1.11233500e+03
 1.10942900e+03
 1.10712900e+03
 1.10958500e+03
 1.11590700e+03
 1.11354900e+03
 1.11432900e+03
 1.10698100e+03
 1.11320400e+03
 1.10887300e+03
 1.11552800e+03
 1.11827600e+03
 1.11110000e+03
 1.10717000e+03
 1.10446900e+03
 1.11765900e+03
 1.11587200e+03
 1.10532800e+03
 1.11355900e+03
 1.10423100e+03
 1.11175400e+03
 1.10999300e+03
 1.10715200e+03
 1.10183400e+03
 1.10452100e+03
 1.11079700e+03
 1.10583900e+03
 1.10134500e+03
 1.10281400e+03
 1.10795300e+03
 1.10095800e+03
 1.09994300e+03
 1.09247700e+03
 1.10291000e+03
 1.09991200e+03
 1.10951800e+03
 1.10617000e+03
 1.11558800e+03
 1.12066500e+03
 1.11821600e+03
 1.11071000e+03
 1.11987300e+03
 1.12584400e+03
 1.11870300e+03
 1.11662600e+03
 1.10922400e+03
 1.11770000e+03
 1.12230200e+03
 1.11842500e+03
 1.11856700e+03
 1.10967600e+03
 1.11127800e+03
 1.11476800e+03
 1.11310900e+03
 1.11042900e+03
 1.11505100e+03
 1.11927700e+03
 1.12148400e+03
 1.11571400e+03
 1.11792700e+03
 1.11091400e+03
 1.45422300e+03
 1.52377000e+03
 1.56837000e+03
 1.60208100e+03
 1.61695800e+03
 1.62604500e+03
 1.61144800e+03
 1.60718600e+03
 1.58398700e+03
 1.58334900e+03
 1.59008300e+03
 1.51622200e+03
 1.11947200e+03
 1.11740500e+03
 1.10927700e+03
 1.11740200e+03
 1.11989300e+03
 1.12391900e+03
 1.11683100e+03
 1.11263700e+03
 1.11562600e+03
 1.11776500e+03
 1.12170000e+03
 1.11618800e+03
 1.11050200e+03
 1.11505200e+03
 1.11831700e+03
 1.11790400e+03
 1.11128600e+03
 1.10924500e+03
 1.11285600e+03
 1.11361300e+03
 1.12063500e+03
 1.11692300e+03
 1.11101900e+03
 1.11806700e+03
 1.11875700e+03
 1.12460000e+03
 1.11914900e+03
 1.11003500e+03
 1.10385900e+03
 1.09849800e+03
 1.11126000e+03
 1.11336800e+03
 1.10791500e+03
 1.10348800e+03
 1.10337600e+03
 1.11216700e+03
 1.10282700e+03
 1.10371500e+03
 1.09711600e+03
 1.09373600e+03
 1.10347000e+03
 1.10246700e+03
 1.09959000e+03
 1.10012100e+03
 1.09922200e+03
 1.11587600e+03
 1.12042700e+03
 1.12574700e+03
 1.11629700e+03
 1.11276200e+03
 1.12204400e+03
 1.11988700e+03
 1.12123500e+03
 1.10964100e+03
 1.12062200e+03
 1.12829900e+03
 1.12219500e+03
 1.12385000e+03
 1.11436000e+03
 1.11951700e+03
 1.12838700e+03
 1.12073600e+03
 1.12306800e+03
 1.11722300e+03
 1.12144600e+03
 1.12824000e+03
 1.13133000e+03
 1.12786900e+03
 1.11923200e+03
 1.12191300e+03
 1.25189200e+03
 1.50252200e+03
 1.54288200e+03
 1.59823500e+03
 1.62983000e+03
 1.62879700e+03
 1.61759900e+03
 1.61496400e+03
 1.61287000e+03
 1.59950100e+03
 1.60132300e+03
 1.58126300e+03
 1.26699800e+03
 1.12848600e+03
 1.11970100e+03
 1.11638100e+03
 1.11783000e+03
 1.12505600e+03
 1.12073700e+03
 1.12050800e+03
 1.11611900e+03
 1.11859600e+03
 1.12027600e+03
 1.11475300e+03
 1.11155700e+03
 1.10666400e+03
 1.11422800e+03
 1.11567200e+03
 1.10924400e+03
 1.10091600e+03
 1.10231500e+03
 1.11222800e+03
 1.11160400e+03
 1.10822500e+03
 1.10127100e+03
 1.10931200e+03
 1.11671700e+03
 1.11193500e+03
 1.11549500e+03
 1.10953800e+03
 1.10830600e+03
 1.10589400e+03
 1.10547500e+03
 1.09668600e+03
 1.10509300e+03
 1.10792600e+03
 1.09831400e+03
 1.09979000e+03
 1.09526100e+03
 1.10337100e+03
 1.10206600e+03
 1.09687700e+03
 1.09919600e+03
 1.09185800e+03
 1.09823500e+03
 1.10509300e+03
 1.10684400e+03
 1.11288600e+03
 1.11590500e+03
 1.12081800e+03
 1.12731300e+03
 1.12454800e+03
 1.12809400e+03
 1.11883800e+03
 1.12191600e+03
 1.12640500e+03
 1.12407400e+03
 1.12376300e+03
 1.11726900e+03
 1.11892300e+03
 1.12883400e+03
 1.12398700e+03
 1.12015500e+03
 1.11304600e+03
 1.11595900e+03
 1.11360800e+03
 1.11804300e+03
 1.11023100e+03
 1.10955500e+03
 1.12206700e+03
 1.11878800e+03
 1.12076800e+03
 1.11821400e+03
 1.39771000e+03
 1.52369000e+03
 1.56862900e+03
 1.61054100e+03
 1.61546300e+03
 1.63273600e+03
 1.62110700e+03
 1.60700100e+03
 1.59641300e+03
 1.59201600e+03
 1.59409600e+03
 1.58171000e+03
 1.14024900e+03
 1.12777400e+03
 1.11832800e+03
 1.11307600e+03
 1.11692600e+03
 1.12067300e+03
 1.11289200e+03
 1.10474600e+03
 1.11340400e+03
 1.11555000e+03
 1.12310500e+03
 1.11863600e+03
 1.10901200e+03
 1.12010700e+03
 1.11327000e+03
 1.12569100e+03
 1.12240800e+03
 1.12231700e+03
 1.11702600e+03
 1.12022400e+03
 1.11973900e+03
 1.11212300e+03
 1.11600200e+03
 1.11046500e+03
 1.12151300e+03
 1.12257700e+03
 1.10041000e+03
 1.10594000e+03
 1.10569700e+03
 1.10832400e+03
 1.09978000e+03
 1.10066400e+03
 1.09535600e+03
 1.10792500e+03
 1.10369500e+03
 1.09521700e+03
 1.10200500e+03
 1.09968800e+03
 1.10359400e+03
 1.09705400e+03
 1.09867600e+03
 1.09975800e+03
 1.10379200e+03
 1.09976900e+03
 1.10307200e+03
 1.12244500e+03
 1.12121000e+03
 1.11768200e+03
 1.11306400e+03
 1.10961300e+03
 1.11457000e+03
 1.11856200e+03
 1.11490100e+03
 1.10710000e+03
 1.11955700e+03
 1.12235200e+03
 1.12264900e+03
 1.11091800e+03
 1.12278200e+03
 1.12180400e+03
 1.12130000e+03
 1.12062100e+03
 1.12577500e+03
 1.12580500e+03
 1.12760900e+03
 1.45383900e+03
 1.52961300e+03
 1.58464100e+03
 1.60994200e+03
 1.62377200e+03
 1.60091100e+03
 1.60646100e+03
 1.60607200e+03
 1.59114200e+03
 1.58096800e+03
 1.58021600e+03
 1.44042600e+03
 1.11761700e+03
 1.11132200e+03
 1.11077200e+03
 1.10548300e+03
 1.11551100e+03
 1.11268400e+03
 1.11998900e+03
 1.11266000e+03
 1.11981000e+03
 1.12658300e+03
 1.12617900e+03
 1.12544900e+03
 1.11506200e+03
 1.12702600e+03
 1.12565100e+03
 1.12151900e+03
 1.11552200e+03
 1.12264300e+03
 1.12924100e+03
 1.12262900e+03
 1.12255700e+03
 1.11269700e+03
 1.11936800e+03
 1.11884700e+03
 1.11571500e+03
 1.10383000e+03
 1.10268000e+03
 1.10931200e+03
 1.10419400e+03
 1.10112800e+03
 1.09238400e+03
 1.10393900e+03
 1.10868100e+03
 1.09579400e+03
 1.10307200e+03
 1.10375400e+03
 1.10972100e+03
 1.10443300e+03
 1.10057100e+03
 1.09678500e+03
 1.10000800e+03
 1.10276500e+03
 1.09289900e+03
 1.10624700e+03
 1.10850300e+03
 1.11924800e+03
 1.11957500e+03
 1.11391100e+03
 1.11492400e+03
 1.11889100e+03
 1.11477900e+03
 1.10282600e+03
 1.11563000e+03
 1.11867200e+03
 1.11600300e+03
 1.11529500e+03
 1.11871100e+03
 1.12437500e+03
 1.12142800e+03
 1.11456700e+03
 1.11552700e+03
 1.11752400e+03
 1.12484200e+03
 1.12307300e+03
 1.11894200e+03
 1.12110400e+03
 1.47993200e+03
 1.54158700e+03
 1.59077800e+03
 1.63045100e+03
 1.61550100e+03
 1.62443100e+03
 1.61181300e+03
 1.59488000e+03
 1.59522300e+03
 1.58796200e+03
 1.46283200e+03
 1.12481600e+03
 1.12816700e+03
 1.12355700e+03
 1.12310800e+03
 1.13142800e+03
 1.13375200e+03
 1.12723100e+03
 1.12392200e+03
 1.11891300e+03
 1.12610900e+03
 1.12680600e+03
 1.13131100e+03
 1.12970100e+03
 1.12935500e+03
 1.11802000e+03
 1.12557100e+03
 1.12748800e+03
 1.13416200e+03
 1.12660100e+03
 1.11968700e+03
 1.12438800e+03
 1.12399600e+03
 1.13021100e+03
 1.12031300e+03
 1.11972800e+03
 1.10361500e+03
 1.11406900e+03
 1.11079300e+03
 1.10991500e+03
 1.10202700e+03
 1.11046200e+03
 1.11020600e+03
 1.10207000e+03
 1.10154100e+03
 1.09527800e+03
 1.10561300e+03
 1.10781500e+03
 1.10707900e+03
 1.10172600e+03
 1.11137400e+03
 1.11369100e+03
 1.12010700e+03
 1.11871000e+03
 1.11525000e+03
 1.12180100e+03
 1.11662900e+03
 1.12447700e+03
 1.12021100e+03
 1.11333900e+03
 1.07907300e+03
 1.10141000e+03
 1.10287100e+03
 1.09709800e+03
 1.09968000e+03
 1.09527600e+03
 1.10375100e+03
 1.09818400e+03
 1.09084200e+03
 1.09782500e+03
 1.10559500e+03
 1.10575500e+03
 1.09836300e+03
 1.36502700e+03
 1.51415800e+03
 1.57647100e+03
 1.60249500e+03
 1.62659300e+03
 1.62583800e+03
 1.60999700e+03
 1.59562400e+03
 1.58590600e+03
 1.58959400e+03
 1.57962500e+03
 1.57296400e+03
 1.12811400e+03
 1.10632200e+03
 1.11610800e+03
 1.11633400e+03
 1.12047700e+03
 1.11376800e+03
 1.12233400e+03
 1.11888900e+03
 1.12500900e+03
 1.11498600e+03
 1.12181200e+03
 1.12473800e+03
 1.11919800e+03
 1.11913000e+03
 1.11659000e+03
 1.12054900e+03
 1.11568200e+03
 1.12403500e+03
 1.11299800e+03
 1.11862700e+03
 1.11744700e+03
 1.12055700e+03
 1.11829800e+03
 1.09944300e+03
 1.10389800e+03
 1.10821000e+03
 1.09754700e+03
 1.09584100e+03
 1.09937900e+03
 1.10112200e+03
 1.10375300e+03
 1.09782700e+03
 1.09405800e+03
 1.10586000e+03
 1.10503700e+03
 1.10688300e+03
 1.09952500e+03
 1.10130000e+03
 1.10689700e+03
 1.10986300e+03
 1.11089600e+03
 1.10947800e+03
 1.12095300e+03
 1.11769500e+03
 1.12098700e+03
 1.12222200e+03
 1.12144900e+03
 1.11769700e+03
 1.11317700e+03
 1.11665000e+03
 1.12487200e+03
 1.12014600e+03
 1.11742800e+03
 1.11102200e+03
 1.11512000e+03
 1.11927500e+03
 1.11133100e+03
 1.11286700e+03
 1.10564100e+03
 1.10965300e+03
 1.10728100e+03
 1.10963500e+03
 1.35719300e+03
 1.51249200e+03
 1.57256900e+03
 1.60120200e+03
 1.61806100e+03
 1.60588300e+03
 1.60409400e+03
 1.60773300e+03
 1.59489200e+03
 1.59691700e+03
 1.58829400e+03
 1.57295600e+03
 1.11449700e+03
 1.11653100e+03
 1.12390300e+03
 1.12189100e+03
 1.11765000e+03
 1.11499800e+03
 1.11593900e+03
 1.11875000e+03
 1.12572400e+03
 1.12185000e+03
 1.12301900e+03
 1.11316100e+03
 1.11216300e+03
 1.11626500e+03
 1.11174500e+03
 1.11855300e+03
 1.11188900e+03
 1.10244700e+03
 1.10977000e+03
 1.10459800e+03
 1.11283300e+03
 1.11654100e+03
 1.11289100e+03
 1.10914200e+03
 1.09015300e+03
 1.08809900e+03
 1.10338900e+03
 1.10430900e+03
 1.09549000e+03
 1.09789300e+03
 1.09534800e+03
 1.08911500e+03
 1.09512300e+03
 1.09234800e+03
 1.09884900e+03
 1.09683800e+03
 1.08768400e+03
 1.09321300e+03
 1.08989000e+03
 1.10293700e+03
 1.10336200e+03
 1.09642600e+03
 1.10215200e+03
 1.10562900e+03
 1.11346100e+03
 1.11947200e+03
 1.11433600e+03
 1.11383500e+03
 1.11619500e+03
 1.11938600e+03
 1.11781100e+03
 1.11583400e+03
 1.11277800e+03
 1.10752100e+03
 1.11864400e+03
 1.11878000e+03
 1.10750800e+03
 1.10830200e+03
 1.11132000e+03
 1.10760600e+03
 1.11031700e+03
 1.10223400e+03
 1.09905500e+03
 1.42691300e+03
 1.51419100e+03
 1.56829800e+03
 1.60198100e+03
 1.60600600e+03
 1.60376000e+03
 1.59848600e+03
 1.57648900e+03
 1.58498400e+03
 1.58351900e+03
 1.51305100e+03
 1.11782100e+03
 1.11112700e+03
 1.10882700e+03
 1.11040600e+03
 1.11550600e+03
 1.11541000e+03
 1.10938800e+03
 1.10538500e+03
 1.11155200e+03
 1.11003000e+03
 1.11634900e+03
 1.11558600e+03
 1.11553100e+03
 1.11459300e+03
 1.12057300e+03
 1.12621000e+03
 1.12116900e+03
 1.10996200e+03
 1.10737200e+03
 1.11503300e+03
 1.11440100e+03
 1.10908900e+03
 1.09563400e+03
 1.09685400e+03
 1.09916700e+03
 1.10317000e+03
 1.10669100e+03
 1.10515600e+03
 1.09868500e+03
 1.10533000e+03
 1.09755800e+03
 1.10736700e+03
 1.10543800e+03
 1.09281500e+03
 1.09595400e+03
 1.09050600e+03
 1.09868400e+03
 1.10358900e+03
 1.09838600e+03
 1.10243400e+03
 1.09340100e+03
 1.11429700e+03
 1.12270100e+03
 1.11548000e+03
 1.11758800e+03
 1.11727600e+03
 1.12871500e+03
 1.12532900e+03
 1.11697800e+03
 1.11204700e+03
 1.10572200e+03
 1.11538800e+03
 1.11445400e+03
 1.11415700e+03
 1.11208800e+03
 1.12342400e+03
 1.11538300e+03
 1.11773200e+03
 1.11353200e+03
 1.11621500e+03
 1.12332500e+03
 1.11392500e+03
 1.32572600e+03
 1.51389400e+03
 1.59959600e+03
 1.62217000e+03
 1.61955700e+03
 1.61982900e+03
 1.61364400e+03
 1.59471000e+03
 1.59254900e+03
 1.57688600e+03
 1.58457500e+03
 1.18499500e+03
 1.11092900e+03
 1.11413100e+03
 1.10294000e+03
 1.10219900e+03
 1.10979500e+03
 1.10729500e+03
 1.11354200e+03
 1.10662700e+03
 1.10208900e+03
 1.10676700e+03
 1.10084800e+03
 1.10339100e+03
 1.09722300e+03
 1.09850200e+03
 1.10182100e+03
 1.10645900e+03
 1.10920600e+03
 1.09907800e+03
 1.10342800e+03
 1.09727800e+03
 1.10732000e+03
 1.11192300e+03
 1.10168700e+03
 1.09439800e+03
 1.09803500e+03
 1.09152400e+03
 1.09280700e+03
 1.10195300e+03
 1.09954200e+03
 1.09406500e+03
 1.08956200e+03
 1.09806400e+03
 1.09883500e+03
 1.10357500e+03
 1.10108400e+03
 1.09107500e+03
 1.09586300e+03
 1.09352200e+03
 1.09941000e+03
 1.09635300e+03
 1.09974200e+03
 1.10906100e+03
 1.10220600e+03
 1.10624500e+03
 1.10260400e+03
 1.10777800e+03
 1.11381200e+03
 1.11935900e+03
 1.11276100e+03
 1.11133200e+03
 1.10357200e+03
 1.11354900e+03
 1.11749100e+03
 1.11081300e+03
 1.10756000e+03
 1.11323600e+03
 1.11661600e+03
 1.11334000e+03
 1.11084800e+03
 1.10324900e+03
 1.31063600e+03
 1.49695000e+03
 1.56089400e+03
 1.60473200e+03
 1.62626100e+03
 1.61151900e+03
 1.61149700e+03
 1.60608300e+03
 1.60608200e+03
 1.58618900e+03
 1.58430400e+03
 1.59486500e+03
 1.24866200e+03
 1.11936900e+03
 1.10578200e+03
 1.11413500e+03
 1.11808200e+03
 1.11339800e+03
 1.10943600e+03
 1.11244100e+03
 1.11099800e+03
 1.11002500e+03
 1.10582900e+03
 1.11548700e+03
 1.11540300e+03
 1.10491000e+03
 1.10967800e+03
 1.11087400e+03
 1.11605400e+03
 1.10909700e+03
 1.10337000e+03
 1.10784500e+03
 1.10784500e+03
 1.11355300e+03
 1.10868300e+03
 1.11231400e+03
 1.10893500e+03
 1.11423300e+03
 1.10576100e+03
 1.09648400e+03
 1.10155400e+03
 1.10119500e+03
 1.10275400e+03
 1.09976700e+03
 1.08863500e+03
 1.09643400e+03
 1.09757400e+03
 1.09965700e+03
 1.09344300e+03
 1.09997100e+03
 1.10128400e+03
 1.10808600e+03
 1.10302100e+03
 1.10397500e+03
 1.09539200e+03
 1.10612300e+03
 1.10202400e+03
 1.10811900e+03
 1.11159400e+03
 1.11052400e+03
 1.11011200e+03
 1.10598600e+03
 1.10518300e+03
 1.10855800e+03
 1.09913400e+03
 1.09371500e+03
 1.10169300e+03
 1.10524700e+03
 1.10818000e+03
 1.10403600e+03
 1.09732700e+03
 1.10553000e+03
 1.11283300e+03
 1.10447100e+03
 1.09972200e+03
 1.11253600e+03
 1.11027800e+03
 1.32225100e+03
 1.49500100e+03
 1.56253300e+03
 1.60348300e+03
 1.61852800e+03
 1.60885700e+03
 1.61117900e+03
 1.60962600e+03
 1.59406000e+03
 1.58096700e+03
 1.57521400e+03
 1.57891500e+03
 1.23713700e+03
 1.10806100e+03
 1.10140400e+03
 1.11119200e+03
 1.11694000e+03
 1.11175400e+03
 1.11576000e+03
 1.10889400e+03
 1.12270400e+03
 1.11429600e+03
 1.11514500e+03
 1.12327500e+03
 1.12612300e+03
 1.11597300e+03
 1.12261300e+03
 1.12383800e+03
 1.12850400e+03
 1.12351200e+03
 1.11343200e+03
 1.12082700e+03
 1.11686200e+03
 1.11958900e+03
 1.10972600e+03
 1.12281700e+03
 1.11323600e+03
 1.10728800e+03
 1.09961100e+03
 1.10639800e+03
 1.11017300e+03
 1.10275800e+03
 1.09769600e+03
 1.09907500e+03
 1.10735500e+03
 1.09852400e+03
 1.10007700e+03
 1.09313900e+03
 1.10951000e+03
 1.11030900e+03
 1.09718800e+03
 1.10437200e+03
 1.10893500e+03
 1.10657600e+03
 1.09588800e+03
 1.10635100e+03
 1.10879500e+03
 1.11701600e+03
 1.10549300e+03
 1.11089100e+03
 1.10777500e+03
 1.11336800e+03
 1.10291700e+03
 1.10949000e+03
 1.11528700e+03
 1.10801500e+03
 1.10190200e+03
 1.11086300e+03
 1.10571300e+03
 1.10618600e+03
 1.09861000e+03
 1.10854500e+03
 1.10539900e+03
 1.10130400e+03
 1.28203100e+03
 1.49943300e+03
 1.60010700e+03
 1.62625600e+03
 1.61109900e+03
 1.60535500e+03
 1.59032200e+03
 1.58323700e+03
 1.58058700e+03
 1.57752200e+03
 1.21416800e+03
 1.10607700e+03
 1.09255200e+03
 1.10657700e+03
 1.10616600e+03
 1.10618300e+03
 1.10380700e+03
 1.11401600e+03
 1.11689000e+03
 1.10449500e+03
 1.11526600e+03
 1.11253500e+03
 1.10454200e+03
 1.11397200e+03
 1.11272800e+03
 1.11605000e+03
 1.11622200e+03
 1.11231300e+03
 1.10986400e+03
 1.11095400e+03
 1.10708200e+03
 1.09696400e+03
 1.09567500e+03
 1.09446900e+03
 1.09975600e+03
 1.08854000e+03
 1.09410700e+03
 1.09293400e+03
 1.09047000e+03
 1.09295300e+03
 1.09774500e+03
 1.09564500e+03
 1.09056800e+03
 1.09443800e+03
 1.09210500e+03
 1.08932000e+03
 1.08775200e+03
 1.09014600e+03
 1.09733400e+03
 1.10187600e+03
 1.10740000e+03
 1.10832100e+03
 1.11646700e+03
 1.10794400e+03
 1.10964200e+03
 1.11387000e+03
 1.11737000e+03
 1.11393900e+03
 1.10670700e+03
 1.10796900e+03
 1.10537200e+03
 1.10063200e+03
 1.11309600e+03
 1.10724900e+03
 1.10091100e+03
 1.10826800e+03
 1.11015400e+03
 1.30774600e+03
 1.50058900e+03
 1.61381900e+03
 1.61617700e+03
 1.61208900e+03
 1.59071900e+03
 1.58719900e+03
 1.58855100e+03
 1.57346500e+03
 1.15077800e+03
 1.10629600e+03
 1.09738800e+03
 1.11085800e+03
 1.10048300e+03
 1.10449300e+03
 1.11549800e+03
 1.11294000e+03
 1.11088700e+03
 1.11509700e+03
 1.10340100e+03
 1.10854500e+03
 1.10764700e+03
 1.11347900e+03
 1.10235500e+03
 1.11306500e+03
 1.11565600e+03
 1.11369200e+03
 1.10788400e+03
 1.11879800e+03
 1.10507200e+03
 1.09365800e+03
 1.09979500e+03
 1.10189900e+03
 1.09692300e+03
 1.10268100e+03
 1.10822800e+03
 1.10561100e+03
 1.09581000e+03
 1.10425200e+03
 1.10344800e+03
 1.09648200e+03
 1.09942000e+03
 1.08922100e+03
 1.10026100e+03
 1.11023800e+03
 1.11454400e+03
 1.11833200e+03
 1.11416700e+03
 1.10857900e+03
 1.12033500e+03
 1.12794000e+03
 1.11922600e+03
 1.11209400e+03
 1.12289700e+03
 1.11778500e+03
 1.11833200e+03
 1.11062400e+03
 1.11710400e+03
 1.12558700e+03
 1.12109800e+03
 1.11555600e+03
 1.11598500e+03
 1.12276600e+03
 1.11895400e+03
 1.12140100e+03
 1.41068600e+03
 1.53250500e+03
 1.57210400e+03
 1.61089900e+03
 1.61251900e+03
 1.62476200e+03
 1.61052200e+03
 1.59179300e+03
 1.59293600e+03
 1.58598100e+03
 1.59023800e+03
 1.57142900e+03
 1.14369900e+03
 1.10387600e+03
 1.10691800e+03
 1.11076900e+03
 1.10974200e+03
 1.11064000e+03
 1.10376100e+03
 1.11720300e+03
 1.11554500e+03
 1.10427800e+03
 1.11096700e+03
 1.11061800e+03
 1.11840900e+03
 1.10721300e+03
 1.10890500e+03
 1.11146400e+03
 1.11987000e+03
 1.11185000e+03
 1.10997300e+03
 1.11756600e+03
 1.12224700e+03
 1.12401800e+03
 1.09755700e+03
 1.10500700e+03
 1.10135700e+03
 1.10717600e+03
 1.09576300e+03
 1.09850100e+03
 1.10696700e+03
 1.09955400e+03
 1.09947200e+03
 1.09087300e+03
 1.09693600e+03
 1.09625800e+03
 1.09411700e+03
 1.08735900e+03
 1.09441000e+03
 1.10170300e+03
 1.09530800e+03
 1.09910700e+03
 1.09097300e+03
 1.10674000e+03
 1.11890700e+03
 1.11721600e+03
 1.11660300e+03
 1.11626200e+03
 1.12619200e+03
 1.12346100e+03
 1.12257600e+03
 1.11681400e+03
 1.12766500e+03
 1.12793700e+03
 1.11398600e+03
 1.11971300e+03
 1.11298400e+03
 1.11571700e+03
 1.11451700e+03
 1.10956300e+03
 1.11428600e+03
 1.11997800e+03
 1.11363600e+03
 1.37022600e+03
 1.51906900e+03
 1.58291900e+03
 1.60350300e+03
 1.61906800e+03
 1.62517100e+03
 1.61145800e+03
 1.60398000e+03
 1.58669200e+03
 1.58345300e+03
 1.57807100e+03
 1.57611200e+03
 1.14879300e+03
 1.11208800e+03
 1.10483900e+03
 1.11267800e+03
 1.11069300e+03
 1.11843200e+03
 1.11302400e+03
 1.10379300e+03
 1.11052200e+03
 1.11588500e+03
 1.11713300e+03
 1.10512100e+03
 1.10521800e+03
 1.11389600e+03
 1.11192000e+03
 1.10681800e+03
 1.11065200e+03
 1.10987000e+03
 1.11505200e+03
 1.10911300e+03
 1.10923000e+03
 1.09888200e+03
 1.10496900e+03
 1.09897100e+03
 1.09336900e+03
 1.10696700e+03
 1.10472400e+03
 1.09944100e+03
 1.09298400e+03
 1.10435500e+03
 1.10094000e+03
 1.09145400e+03
 1.10435800e+03
 1.10186200e+03
 1.09965900e+03
 1.09523300e+03
 1.09775400e+03
 1.10965700e+03
 1.10131000e+03
 1.10916000e+03
 1.12236000e+03
 1.13293600e+03
 1.12306800e+03
 1.12336500e+03
 1.12005700e+03
 1.12538200e+03
 1.12304200e+03
 1.11594300e+03
 1.11839600e+03
 1.12138600e+03
 1.11769900e+03
 1.11025100e+03
 1.11906900e+03
 1.11678300e+03
 1.11962600e+03
 1.11265200e+03
 1.12135000e+03
 1.11186800e+03
 1.11167500e+03
 1.20708400e+03
 1.50408400e+03
 1.55431900e+03
 1.60042300e+03
 1.62969800e+03
 1.63710600e+03
 1.62671300e+03
 1.60363200e+03
 1.60172200e+03
 1.59949400e+03
 1.58700300e+03
 1.57319900e+03
 1.31063200e+03
 1.11902200e+03
 1.12020500e+03
 1.11027700e+03
 1.11555000e+03
 1.12088500e+03
 1.11674100e+03
 1.11241000e+03
 1.11563200e+03
 1.12496500e+03
 1.11649900e+03
 1.11327600e+03
 1.10905800e+03
 1.12120900e+03
 1.11604400e+03
 1.12091000e+03
 1.11256800e+03
 1.12377400e+03
 1.11395400e+03
 1.11830000e+03
 1.10133100e+03
 1.10983100e+03
 1.10302300e+03
 1.10782300e+03
 1.09885200e+03
 1.10289600e+03
 1.09982500e+03
 1.10690900e+03
 1.10263500e+03
 1.10340100e+03
 1.11133600e+03
 1.10583800e+03
 1.11016100e+03
 1.09885400e+03
 1.11072000e+03
 1.10745900e+03
 1.10857600e+03
 1.10138700e+03
 1.11549000e+03
 1.12748800e+03
 1.12741900e+03
 1.11783200e+03
 1.12811300e+03
 1.13260100e+03
 1.12330900e+03
 1.12800000e+03
 1.12902300e+03
 1.13317900e+03
 1.12064100e+03
 1.12496300e+03
 1.12438200e+03
 1.12776700e+03
 1.11576900e+03
 1.12249000e+03
 1.12646000e+03
 1.12346500e+03
 1.12620000e+03
 1.11820600e+03
 1.34779500e+03
 1.52240400e+03
 1.57574500e+03
 1.60478400e+03
 1.63929600e+03
 1.63115000e+03
 1.62090700e+03
 1.60268200e+03
 1.59818900e+03
 1.60456700e+03
 1.59189200e+03
 1.50137600e+03
 1.12435200e+03
 1.12074800e+03
 1.12688400e+03
 1.12160300e+03
 1.12551100e+03
 1.11566400e+03
 1.12006700e+03
 1.12749600e+03
 1.12134200e+03
 1.12387800e+03
 1.11560300e+03
 1.12610100e+03
 1.12494300e+03
 1.11954900e+03
 1.11834200e+03
 1.11690600e+03
 1.12268200e+03
 1.12084900e+03
 1.11805100e+03
 1.11150200e+03
 1.12036700e+03
 1.11036700e+03
 1.10460000e+03
 1.09763400e+03
 1.10151100e+03
 1.10461900e+03
 1.09519400e+03
 1.09656500e+03
 1.08749600e+03
 1.10260400e+03
 1.10477200e+03
 1.09603300e+03
 1.09825600e+03
 1.10227700e+03
 1.10494200e+03
 1.09631100e+03
 1.10358700e+03
 1.10642900e+03
 1.10915400e+03
 1.10418500e+03
 1.11256900e+03
 1.12366500e+03
 1.12576400e+03
 1.11248900e+03
 1.11833600e+03
 1.11867000e+03
 1.10958800e+03
 1.11472200e+03
 1.11366200e+03
 1.10469900e+03
 1.11220500e+03
 1.11803300e+03
 1.11736100e+03
 1.11058700e+03
 1.12042900e+03
 1.12209400e+03
 1.12273200e+03
 1.10918200e+03
 1.12604700e+03
 1.11823500e+03
 1.29864500e+03
 1.50406100e+03
 1.56868800e+03
 1.59327700e+03
 1.62291800e+03
 1.62581800e+03
 1.61820700e+03
 1.59565000e+03
 1.60230700e+03
 1.58514400e+03
 1.57036400e+03
 1.16866200e+03
 1.11985600e+03
 1.11304100e+03
 1.11729700e+03
 1.12397200e+03
 1.11669900e+03
 1.11540800e+03
 1.10848400e+03
 1.11978200e+03
 1.10874700e+03
 1.11353600e+03
 1.10842300e+03
 1.11367400e+03
 1.10994600e+03
 1.10891200e+03
 1.10089200e+03
 1.11421400e+03
 1.10785400e+03
 1.10653300e+03
 1.11388900e+03
 1.10368600e+03
 1.09777500e+03
 1.10390100e+03
 1.10893100e+03
 1.10063200e+03
 1.10854400e+03
 1.11111600e+03
 1.10726600e+03
 1.10112900e+03
 1.10511000e+03
 1.11321700e+03
 1.10751400e+03
 1.10606400e+03
 1.10844400e+03
 1.10707400e+03
 1.09760200e+03
 1.09072800e+03
 1.11017600e+03
 1.11651200e+03
 1.10973100e+03
 1.11812400e+03
 1.11964200e+03
 1.12450100e+03
 1.11246900e+03
 1.11684300e+03
 1.12065100e+03
 1.11688800e+03
 1.11850100e+03
 1.12233600e+03
 1.12341100e+03
 1.12078500e+03
 1.12695100e+03
 1.12279300e+03
 1.12157900e+03
 1.11607700e+03
 1.50184000e+03
 1.60814700e+03
 1.62274300e+03
 1.60525900e+03
 1.60752600e+03
 1.60496800e+03
 1.58044300e+03
 1.57382600e+03
 1.19297600e+03
 1.10967800e+03
 1.10445300e+03
 1.11317600e+03
 1.11028000e+03
 1.11537000e+03
 1.10841900e+03
 1.10277700e+03
 1.10821400e+03
 1.10871400e+03
 1.10710900e+03
 1.09651800e+03
 1.09802200e+03
 1.10055000e+03
 1.10784800e+03
 1.10384000e+03
 1.09848000e+03
 1.10939000e+03
 1.10457600e+03
 1.10427700e+03
 1.09676000e+03
 1.10411900e+03
 1.09898900e+03
 1.09453100e+03
 1.08944200e+03
 1.09488900e+03
 1.09946900e+03
 1.09612800e+03
 1.09354100e+03
 1.09636200e+03
 1.10752300e+03
 1.10567900e+03
 1.11021000e+03
 1.10231900e+03
 1.11498000e+03
 1.11281300e+03
 1.10306400e+03
 1.11111000e+03
 1.10959200e+03
 1.10956700e+03
 1.10240000e+03
 1.10729400e+03
 1.11699300e+03
 1.11188200e+03
 1.10729500e+03
 1.11482600e+03
 1.12189600e+03
 1.10880100e+03
 1.11048200e+03
 1.10726400e+03
 1.11062700e+03
 1.10338300e+03
 1.11484000e+03
 1.11219400e+03
 1.10593200e+03
 1.09965000e+03
 1.10136500e+03
 1.10849300e+03
 1.10704800e+03
 1.33449200e+03
 1.51064800e+03
 1.57072600e+03
 1.59482500e+03
 1.62307200e+03
 1.62527500e+03
 1.62000500e+03
 1.59863800e+03
 1.60497900e+03
 1.59514600e+03
 1.59614600e+03
 1.54143300e+03
 1.11740300e+03
 1.12433300e+03
 1.11820600e+03
 1.11587600e+03
 1.10744800e+03
 1.11602700e+03
 1.11411000e+03
 1.12092600e+03
 1.10884600e+03
 1.11706200e+03
 1.11832600e+03
 1.11519200e+03
 1.10575700e+03
 1.10975400e+03
 1.11399200e+03
 1.10987500e+03
 1.11022600e+03
 1.11261900e+03
 1.10762300e+03
 1.10915600e+03
 1.10633300e+03
 1.10645900e+03
 1.09545300e+03
 1.10400600e+03
 1.10200700e+03
 1.10615700e+03
 1.09494300e+03
 1.09585900e+03
 1.09644300e+03
 1.10357400e+03
 1.09452300e+03
 1.09931800e+03
 1.10800600e+03
 1.10192500e+03
 1.09801000e+03
 1.09763500e+03
 1.10262600e+03
 1.09606000e+03
 1.09138000e+03
 1.11134600e+03
 1.10649100e+03
 1.11168600e+03
 1.11733500e+03
 1.10899700e+03
 1.11610300e+03
 1.11468900e+03
 1.11062800e+03
 1.11220300e+03
 1.11203600e+03
 1.11745600e+03
 1.11122600e+03
 1.10779800e+03
 1.11401800e+03
 1.11292400e+03
 1.10651900e+03
 1.14479900e+03
 1.47309900e+03
 1.53928200e+03
 1.58830900e+03
 1.61917900e+03
 1.61223200e+03
 1.61763900e+03
 1.61315700e+03
 1.61467100e+03
 1.59292400e+03
 1.59359900e+03
 1.59145900e+03
 1.38951000e+03
 1.12489400e+03
 1.11116800e+03
 1.12315400e+03
 1.11755300e+03
 1.11905700e+03
 1.10832500e+03
 1.11211700e+03
 1.11006000e+03
 1.10887000e+03
 1.10342300e+03
 1.11062500e+03
 1.10750400e+03
 1.10550600e+03
 1.10119200e+03
 1.11330700e+03
 1.10962300e+03
 1.11192700e+03
 1.10888400e+03
 1.11622800e+03
 1.11230700e+03
 1.09752500e+03
 1.10223400e+03
 1.09376600e+03
 1.08958000e+03
 1.10030500e+03
 1.09744000e+03
 1.09829200e+03
 1.09136900e+03
 1.10079300e+03
 1.09852900e+03
 1.10330900e+03
 1.09445900e+03
 1.09822400e+03
 1.09199300e+03
 1.08769900e+03
 1.08220300e+03
 1.09455300e+03
 1.09117400e+03
 1.09561500e+03
 1.10442300e+03
 1.10822100e+03
 1.10300600e+03
 1.09731000e+03
 1.10929400e+03
 1.10956400e+03
 1.11354100e+03
 1.10124400e+03
 1.11237700e+03
 1.11199700e+03
 1.11642700e+03
 1.11063500e+03
 1.10728800e+03
 1.11197900e+03
 1.11002700e+03
 1.11331800e+03
 1.10569100e+03
 1.11184900e+03
 1.11781500e+03
 1.11003600e+03
 1.31399900e+03
 1.50522500e+03
 1.55137400e+03
 1.60135400e+03
 1.61786800e+03
 1.61789200e+03
 1.59809100e+03
 1.59500900e+03
 1.58020300e+03
 1.58505300e+03
 1.58668700e+03
 1.15341000e+03
 1.10876900e+03
 1.09992400e+03
 1.10549400e+03
 1.11052000e+03
 1.10795800e+03
 1.10183300e+03
 1.09402000e+03
 1.09153500e+03
 1.09854000e+03
 1.10502400e+03
 1.11311300e+03
 1.11080600e+03
 1.10374000e+03
 1.09948800e+03
 1.10896500e+03
 1.10854100e+03
 1.10779700e+03
 1.10452100e+03
 1.09426700e+03
 1.10700100e+03
 1.10699200e+03
 1.09900400e+03
 1.09412200e+03
 1.09403600e+03
 1.08509100e+03
 1.09439200e+03
 1.09877400e+03
 1.09506900e+03
 1.09297600e+03
 1.08824900e+03
 1.09490100e+03
 1.09817500e+03
 1.09713600e+03
 1.09367400e+03
 1.08832900e+03
 1.09376700e+03
 1.09899000e+03
 1.09189500e+03
 1.08956900e+03
 1.08498300e+03
 1.11364200e+03
 1.10345500e+03
 1.10423300e+03
 1.09261700e+03
 1.10309700e+03
 1.10892200e+03
 1.10285000e+03
 1.10507200e+03
 1.09792800e+03
 1.10911000e+03
 1.11672800e+03
 1.11272500e+03
 1.11651400e+03
 1.11337200e+03
 1.12090200e+03
 1.11547400e+03
 1.11325400e+03
 1.10574700e+03
 1.11244500e+03
 1.11724500e+03
 1.41723000e+03
 1.51226600e+03
 1.57378900e+03
 1.60946300e+03
 1.60392000e+03
 1.61048000e+03
 1.58427700e+03
 1.57822000e+03
 1.10992000e+03
 1.10482500e+03
 1.09805000e+03
 1.10696800e+03
 1.10307200e+03
 1.09265600e+03
 1.11185600e+03
 1.11538000e+03
 1.10852700e+03
 1.10372900e+03
 1.10872900e+03
 1.11439900e+03
 1.11727500e+03
 1.10932100e+03
 1.11066700e+03
 1.11296300e+03
 1.11781900e+03
 1.11205200e+03
 1.10753800e+03
 1.11012100e+03
 1.10452700e+03
 1.10765100e+03
 1.09934400e+03
 1.09623800e+03
 1.10293400e+03
 1.10966700e+03
 1.09961000e+03
 1.09374200e+03
 1.10507000e+03
 1.10208500e+03
 1.10719900e+03
 1.09743600e+03
 1.09509800e+03
 1.10328200e+03
 1.10484200e+03
 1.10405200e+03
 1.09454800e+03
 1.10363500e+03
 1.10268400e+03
 1.11572500e+03
 1.11747100e+03
 1.11086700e+03
 1.11815100e+03
 1.11597300e+03
 1.11960700e+03
 1.11023900e+03
 1.11372600e+03
 1.11874000e+03
 1.11232600e+03
 1.11431600e+03
 1.10185900e+03
 1.10857800e+03
 1.10792700e+03
 1.11493900e+03
 1.10737300e+03
 1.11009900e+03
 1.11786900e+03
 1.11532900e+03
 1.12046900e+03
 1.38043600e+03
 1.52759700e+03
 1.56586300e+03
 1.60903400e+03
 1.62330900e+03
 1.63058900e+03
 1.61003300e+03
 1.60734000e+03
 1.59870600e+03
 1.60312300e+03
 1.58582500e+03
 1.53869200e+03
 1.11675600e+03
 1.11464000e+03
 1.12019200e+03
 1.10976800e+03
 1.11076200e+03
 1.11089600e+03
 1.11312500e+03
 1.11044700e+03
 1.10165700e+03
 1.11553200e+03
 1.11454800e+03
 1.11807200e+03
 1.10855600e+03
 1.12162100e+03
 1.11936700e+03
 1.12185700e+03
 1.11369700e+03
 1.12388100e+03
 1.12320800e+03
 1.11852600e+03
 1.12060600e+03
 1.11210600e+03
 1.11404000e+03
 1.11171500e+03
 1.10886700e+03
 1.10451100e+03
 1.10669500e+03
 1.11019000e+03
 1.10370500e+03
 1.09947400e+03
 1.10251800e+03
 1.10936100e+03
 1.09983700e+03
 1.10275600e+03
 1.09753900e+03
 1.10693800e+03
 1.10267800e+03
 1.09479500e+03
 1.09741000e+03
 1.09971000e+03
 1.10527400e+03
 1.11975600e+03
 1.11141000e+03
 1.11585800e+03
 1.11356200e+03
 1.10790700e+03
 1.11645600e+03
 1.11270700e+03
 1.11425100e+03
 1.10248900e+03
 1.10778600e+03
 1.11392000e+03
 1.10934900e+03
 1.10559900e+03
 1.10111700e+03
 1.11299100e+03
 1.11146400e+03
 1.10567800e+03
 1.10218300e+03
 1.09853500e+03
 1.10925200e+03
 1.35587500e+03
 1.50379700e+03
 1.55184400e+03
 1.60408600e+03
 1.61472800e+03
 1.61402600e+03
 1.59393500e+03
 1.60168300e+03
 1.59967400e+03
 1.58186900e+03
 1.58297300e+03
 1.56006800e+03
 1.11861800e+03
 1.12031900e+03
 1.11121300e+03
 1.11486300e+03
 1.11066100e+03
 1.11992300e+03
 1.11523100e+03
 1.11467000e+03
 1.10584800e+03
 1.11785300e+03
 1.11521400e+03
 1.10975100e+03
 1.11123900e+03
 1.10982000e+03
 1.11861700e+03
 1.11092600e+03
 1.11196400e+03
 1.11522400e+03
 1.12121500e+03
 1.12106700e+03
 1.11379900e+03
 1.11222500e+03
 1.10421900e+03
 1.10883800e+03
 1.09597700e+03
 1.10053200e+03
 1.10244400e+03
 1.10864200e+03
 1.10311300e+03
 1.10456800e+03
 1.10162300e+03
 1.10199400e+03
 1.10055600e+03
 1.10663100e+03
 1.10665100e+03
 1.10592900e+03
 1.09772100e+03
 1.10841000e+03
 1.10550300e+03
 1.10132200e+03
 1.11225400e+03
 1.11536900e+03
 1.12291600e+03
 1.11024400e+03
 1.11301300e+03
 1.11188800e+03
 1.11412500e+03
 1.10251400e+03
 1.11098200e+03
 1.10945100e+03
 1.11450600e+03
 1.10183600e+03
 1.10511100e+03
 1.11311200e+03
 1.10855100e+03
 1.11435600e+03
 1.10686600e+03
 1.12222900e+03
 1.11740100e+03
 1.12944900e+03
 1.47535700e+03
 1.54804100e+03
 1.58361700e+03
 1.61076100e+03
 1.61648800e+03
 1.62697200e+03
 1.60969300e+03
 1.59904800e+03
 1.59667500e+03
 1.59591700e+03
 1.58990100e+03
 1.44090500e+03
 1.11590400e+03
 1.12105700e+03
 1.12459600e+03
 1.12122100e+03
 1.10935900e+03
 1.11442300e+03
 1.11727600e+03
 1.12043700e+03
 1.10713900e+03
 1.11670500e+03
 1.11294700e+03
 1.11707800e+03
 1.10324700e+03
 1.11397600e+03
 1.11343500e+03
 1.11385000e+03
 1.10946700e+03
 1.11878300e+03
 1.11656700e+03
 1.11466500e+03
 1.11078100e+03
 1.10855400e+03
 1.10603400e+03
 1.09273100e+03
 1.09702900e+03
 1.10148400e+03
 1.10411800e+03
 1.09240900e+03
 1.09890100e+03
 1.09273600e+03
 1.09220400e+03
 1.09084400e+03
 1.09948400e+03
 1.09475300e+03
 1.09482100e+03
 1.09177000e+03
 1.09964700e+03
 1.09863200e+03
 1.10172200e+03
 1.09450800e+03
 1.10601700e+03
 1.11905600e+03
 1.11427400e+03
 1.11908400e+03
 1.12253500e+03
 1.11913100e+03
 1.11009600e+03
 1.12058300e+03
 1.11414800e+03
 1.11285600e+03
 1.10475200e+03
 1.11832500e+03
 1.11347600e+03
 1.11007300e+03
 1.10493000e+03
 1.11602700e+03
 1.11228600e+03
 1.11214400e+03
 1.11001500e+03
 1.12986100e+03
 1.47887600e+03
 1.58801600e+03
 1.62351400e+03
 1.62163700e+03
 1.60110400e+03
 1.60872200e+03
 1.59257900e+03
 1.59028700e+03
 1.57013700e+03
 1.58051600e+03
 1.42440900e+03
 1.10982400e+03
 1.10061400e+03
 1.10708300e+03
 1.11480200e+03
 1.10747500e+03
 1.10891200e+03
 1.10401500e+03
 1.11429000e+03
 1.11507300e+03
 1.11271100e+03
 1.10711300e+03
 1.10960300e+03
 1.11522200e+03
 1.11194500e+03
 1.11561900e+03
 1.10500500e+03
 1.11031100e+03
 1.11387100e+03
 1.10981500e+03
 1.11152400e+03
 1.10246900e+03
 1.10191500e+03
 1.10470600e+03
 1.09971900e+03
 1.09085100e+03
 1.09362600e+03
 1.10349900e+03
 1.10441100e+03
 1.09952800e+03
 1.09355100e+03
 1.09589400e+03
 1.10394700e+03
 1.10074700e+03
 1.10049600e+03
 1.09421200e+03
 1.10364100e+03
 1.10455100e+03
 1.09754300e+03
 1.10448200e+03
 1.09991000e+03
 1.09959100e+03
 1.11113800e+03
 1.11208200e+03
 1.11541700e+03
 1.11925600e+03
 1.11576400e+03
 1.11979700e+03
 1.12296500e+03
 1.12422200e+03
 1.12359400e+03
 1.11335400e+03
 1.11498300e+03
 1.11169500e+03
 1.11418900e+03
 1.11715400e+03
 1.11266600e+03
 1.11188700e+03
 1.11303000e+03
 1.10948500e+03
 1.12139500e+03
 1.22370500e+03
 1.49785300e+03
 1.54332800e+03
 1.59439100e+03
 1.62617100e+03
 1.62494500e+03
 1.62260900e+03
 1.59709200e+03
 1.58566100e+03
 1.58708000e+03
 1.58160600e+03
 1.58892300e+03
 1.31754800e+03
 1.10609100e+03
 1.11131700e+03
 1.11232700e+03
 1.11685700e+03
 1.11588400e+03
 1.10254700e+03
 1.10522600e+03
 1.11132100e+03
 1.11596800e+03
 1.10835400e+03
 1.10038300e+03
 1.10648500e+03
 1.11426400e+03
 1.10368300e+03
 1.10816400e+03
 1.10440800e+03
 1.10702300e+03
 1.09664600e+03
 1.10640100e+03
 1.10796800e+03
 1.09218600e+03
 1.08447600e+03
 1.08721500e+03
 1.09345500e+03
 1.08853400e+03
 1.08854300e+03
 1.07970800e+03
 1.08399800e+03
 1.09107000e+03
 1.08826900e+03
 1.08816400e+03
 1.08386600e+03
 1.09438800e+03
 1.09660300e+03
 1.09401700e+03
 1.08785500e+03
 1.09438100e+03
 1.09774400e+03
 1.09169500e+03
 1.09925600e+03
 1.10565700e+03
 1.11429000e+03
 1.10780900e+03
 1.11117400e+03
 1.10807100e+03
 1.10915600e+03
 1.11504200e+03
 1.11247700e+03
 1.10898900e+03
 1.10449200e+03
 1.10994100e+03
 1.11640400e+03
 1.11735500e+03
 1.11600000e+03
 1.11248500e+03
 1.10622200e+03
 1.11127700e+03
 1.11126400e+03
 1.11217700e+03
 1.35855900e+03
 1.50864300e+03
 1.56781800e+03
 1.60069100e+03
 1.61769200e+03
 1.61982700e+03
 1.60012800e+03
 1.59516800e+03
 1.58722300e+03
 1.58334000e+03
 1.58623900e+03
 1.57591700e+03
 1.12465400e+03
 1.11033300e+03
 1.10467900e+03
 1.11042000e+03
 1.11194500e+03
 1.10796000e+03
 1.11463900e+03
 1.10508800e+03
 1.11039200e+03
 1.11595400e+03
 1.11174900e+03
 1.11344800e+03
 1.10617900e+03
 1.11152700e+03
 1.11254900e+03
 1.11905900e+03
 1.11814200e+03
 1.10654300e+03
 1.11703100e+03
 1.12135800e+03
 1.11702500e+03
 1.09727500e+03
 1.09611400e+03
 1.09907600e+03
 1.10289500e+03
 1.09778100e+03
 1.08849000e+03
 1.09976400e+03
 1.09675600e+03
 1.09448300e+03
 1.09103900e+03
 1.10172000e+03
 1.09958600e+03
 1.09970000e+03
 1.09220600e+03
 1.10755100e+03
 1.10420800e+03
 1.09952000e+03
 1.09457400e+03
 1.10329800e+03
 1.11363900e+03
 1.10166400e+03
 1.11065300e+03
 1.11365600e+03
 1.11059800e+03
 1.10006000e+03
 1.10996300e+03
 1.10545000e+03
 1.11123600e+03
 1.10270700e+03
 1.10778000e+03
 1.10745800e+03
 1.10026900e+03
 1.09924900e+03
 1.10238000e+03
 1.10934800e+03
 1.10592400e+03
 1.11058300e+03
 1.10247800e+03
 1.11264900e+03
 1.35581500e+03
 1.51694200e+03
 1.56366000e+03
 1.60845600e+03
 1.61880300e+03
 1.60629700e+03
 1.60805300e+03
 1.59897100e+03
 1.60015800e+03
 1.58993800e+03
 1.58076600e+03
 1.57445500e+03
 1.16410100e+03
 1.11312000e+03
 1.11678500e+03
 1.11187100e+03
 1.11840300e+03
 1.10917100e+03
 1.11496300e+03
 1.11149900e+03
 1.11536400e+03
 1.11433500e+03
 1.10740700e+03
 1.10485200e+03
 1.10946400e+03
 1.11308600e+03
 1.11496800e+03
 1.11273500e+03
 1.11382400e+03
 1.10898100e+03
 1.11718500e+03
 1.11706200e+03
 1.11435200e+03
 1.09846300e+03
 1.09305100e+03
 1.10081700e+03
 1.09487600e+03
 1.09230800e+03
 1.08664000e+03
 1.09120100e+03
 1.10164000e+03
 1.09567500e+03
 1.08487100e+03
 1.09188200e+03
 1.09258300e+03
 1.09392800e+03
 1.10103200e+03
 1.11516600e+03
 1.10145500e+03
 1.11111200e+03
 1.11493500e+03
 1.10927600e+03
 1.10722100e+03
 1.09985700e+03
 1.10948100e+03
 1.10427600e+03
 1.10969200e+03
 1.09958500e+03
 1.10898300e+03
 1.11277500e+03
 1.10550200e+03
 1.10672900e+03
 1.10815900e+03
 1.11453600e+03
 1.11363000e+03
 1.21623800e+03
 1.48944400e+03
 1.55424100e+03
 1.58332100e+03
 1.61491400e+03
 1.61661200e+03
 1.61656100e+03
 1.59534100e+03
 1.59112700e+03
 1.58569700e+03
 1.58588000e+03
 1.57542300e+03
 1.26859400e+03
 1.10275500e+03
 1.10933500e+03
 1.11199100e+03
 1.10937000e+03
 1.10091700e+03
 1.10007900e+03
 1.10460400e+03
 1.10864600e+03
 1.10724800e+03
 1.10289800e+03
 1.10398900e+03
 1.09354000e+03
 1.10594400e+03
 1.10745800e+03
 1.10937700e+03
 1.10297100e+03
 1.10285000e+03
 1.09594300e+03
 1.09848400e+03
 1.10342200e+03
 1.09416100e+03
 1.09069700e+03
 1.09843500e+03
 1.09302100e+03
 1.08933200e+03
 1.09514700e+03
 1.09559900e+03
 1.09948000e+03
 1.09863000e+03
 1.09578100e+03
 1.09401100e+03
 1.08833800e+03
 1.09552600e+03
 1.09271400e+03
 1.10078700e+03
 1.09765700e+03
 1.09024300e+03
 1.08905200e+03
 1.08838900e+03
 1.09643100e+03
 1.11179000e+03
 1.11517600e+03
 1.10360600e+03
 1.10534600e+03
 1.10087200e+03
 1.10492300e+03
 1.10823800e+03
 1.10409600e+03
 1.10911600e+03
 1.10717100e+03
 1.10051500e+03
 1.09026000e+03
 1.09489100e+03
 1.09150700e+03
 1.09715500e+03
 1.09153100e+03
 1.08967800e+03
 1.09470900e+03
 1.09263600e+03
 1.10177900e+03
 1.10248600e+03
 1.09881300e+03
 1.09895300e+03
 1.09420300e+03
 1.10455100e+03
 1.10443400e+03
 1.10132400e+03
 1.09672100e+03
 1.09159200e+03
 1.10307800e+03
 1.10205900e+03
 1.09821100e+03
 1.09133300e+03
 1.10073200e+03
 1.09937000e+03
 1.10058300e+03
 1.09490500e+03
 1.10408200e+03
 1.10461100e+03
 1.09259500e+03
 1.09736900e+03
 1.09883800e+03
 1.10558600e+03
 1.09591700e+03
 1.10366900e+03
 1.10570700e+03
 1.10910100e+03
 1.10061800e+03
 1.10499100e+03
 1.11010000e+03
 1.10572900e+03
 1.10085400e+03
 1.10113500e+03
 1.10749400e+03
 1.10436600e+03
 1.09672700e+03
 1.09980200e+03
 1.10069800e+03
 1.08437600e+03
 1.08923300e+03
 1.08960500e+03
 1.09813700e+03
 1.08401700e+03
 1.08911000e+03
 1.08605800e+03
 1.09258200e+03
 1.09797000e+03
 1.41106000e+03
 1.45530400e+03
 1.50415900e+03
 1.54251000e+03
 1.59454300e+03
 1.60842500e+03
 1.61220900e+03
 1.59731600e+03
 1.60553900e+03
 1.60163900e+03
 1.58524700e+03
 1.58436600e+03
 1.58649700e+03
 1.58079900e+03
 1.47475200e+03
 1.10329200e+03
 1.10255300e+03
 1.11135000e+03
 1.11344600e+03
 1.10272000e+03
 1.10904500e+03
 1.10800500e+03
 1.11854200e+03
 1.11310200e+03
 1.10690900e+03
 1.10595000e+03
 1.10479400e+03
 1.09694100e+03
 1.09106900e+03
 1.10228600e+03
 1.09887600e+03
 1.10350500e+03
 1.09753900e+03
 1.09642200e+03
 1.10540600e+03
 1.10543600e+03
 1.11191900e+03
 1.10570100e+03
 1.11168100e+03
 1.11104800e+03
 1.11518800e+03
 1.11359300e+03
 1.10716300e+03
 1.09947200e+03
 1.10339600e+03
 1.10886200e+03
 1.10815000e+03
 1.10426300e+03
 1.10518100e+03
 1.10908600e+03
 1.11247700e+03
 1.11274000e+03
 1.10271000e+03
 1.10803100e+03
 1.09954500e+03
 1.11358200e+03
 1.11895100e+03
 1.10570200e+03
 1.10364800e+03
 1.09719300e+03
 1.10944200e+03
 1.11257300e+03
 1.12132300e+03
 1.48504700e+03
 1.55554400e+03
 1.58900600e+03
 1.61265000e+03
 1.62784100e+03
 1.62413600e+03
 1.62292000e+03
 1.61561900e+03
 1.60155200e+03
 1.58381900e+03
 1.58288500e+03
 1.11842700e+03
 1.11137500e+03
 1.10443000e+03
 1.11601900e+03
 1.11410700e+03
 1.10436100e+03
 1.11184900e+03
 1.11286100e+03
 1.11180600e+03
 1.11252800e+03
 1.09854100e+03
 1.10413400e+03
 1.10911900e+03
 1.10187500e+03
 1.10625400e+03
 1.09836700e+03
 1.09017800e+03
 1.09432600e+03
 1.09746900e+03
 1.09701900e+03
 1.08891200e+03
 1.09077900e+03
 1.09966700e+03
 1.10896300e+03
 1.10912700e+03
 1.09777900e+03
 1.10571400e+03
 1.11012300e+03
 1.10874200e+03
 1.10038700e+03
 1.10474800e+03
 1.10653000e+03
 1.11439300e+03
 1.10467900e+03
 1.10679900e+03
 1.11603800e+03
 1.10975900e+03
 1.10772800e+03
 1.10580700e+03
 1.11795500e+03
 1.11272900e+03
 1.11263600e+03
 1.10138200e+03
 1.10634500e+03
 1.18266400e+03
 1.50541700e+03
 1.55019000e+03
 1.60313400e+03
 1.62907000e+03
 1.61518500e+03
 1.61552400e+03
 1.60647700e+03
 1.60811500e+03
 1.59443300e+03
 1.58192900e+03
 1.59210200e+03
 1.41845800e+03
 1.12675800e+03
 1.12875900e+03
 1.12645900e+03
 1.12701000e+03
 1.11753700e+03
 1.09080500e+03
 1.10564000e+03
 1.10411000e+03
 1.09960700e+03
 1.09800700e+03
 1.08811500e+03
 1.08173100e+03
 1.08734500e+03
 1.07900000e+03
 1.10015300e+03
 1.10011000e+03
 1.11122500e+03
 1.10742300e+03
 1.10082700e+03
 1.10196500e+03
 1.10639400e+03
 1.10963200e+03
 1.11600700e+03
 1.10749900e+03
 1.11311000e+03
 1.10966800e+03
 1.11764400e+03
 1.11411300e+03
 1.10908300e+03
 1.11633300e+03
 1.11592100e+03
 1.11576000e+03
 1.10686500e+03
 1.11452500e+03
 1.11549300e+03
 1.11476600e+03
 1.10129700e+03
 1.10808100e+03
 1.10620000e+03
 1.11060600e+03
 1.09952700e+03
 1.10016800e+03
 1.10686800e+03
 1.10111800e+03
 1.32542300e+03
 1.52170900e+03
 1.58796800e+03
 1.60687300e+03
 1.62329300e+03
 1.62136000e+03
 1.62214100e+03
 1.60385600e+03
 1.60054000e+03
 1.58896000e+03
 1.59674500e+03
 1.55241700e+03
 1.11239200e+03
 1.11956200e+03
 1.11628600e+03
 1.11649700e+03
 1.11021400e+03
 1.12016100e+03
 1.12013500e+03
 1.12285400e+03
 1.11003200e+03
 1.12100800e+03
 1.11783400e+03
 1.10726000e+03
 1.09519100e+03
 1.10705600e+03
 1.10541400e+03
 1.10715500e+03
 1.10438200e+03
 1.10626000e+03
 1.10997500e+03
 1.10438700e+03
 1.10830900e+03
 1.10170200e+03
 1.11292400e+03
 1.11484200e+03
 1.10502000e+03
 1.11098000e+03
 1.10940700e+03
 1.11479500e+03
 1.10815800e+03
 1.10901400e+03
 1.10871800e+03
 1.11247800e+03
 1.11032000e+03
 1.10897400e+03
 1.10104600e+03
 1.10623700e+03
 1.10934900e+03
 1.10449000e+03
 1.10218600e+03
 1.10389200e+03
 1.11272700e+03
 1.10649300e+03
 1.11114800e+03
 1.10670000e+03
 1.11443100e+03
 1.13557400e+03
 1.49206300e+03
 1.54876100e+03
 1.58904400e+03
 1.61561300e+03
 1.62735300e+03
 1.61505800e+03
 1.61147400e+03
 1.59132200e+03
 1.59744600e+03
 1.59906100e+03
 1.58833900e+03
 1.43071400e+03
 1.11924100e+03
 1.11404400e+03
 1.12207800e+03
 1.12052600e+03
 1.11769200e+03
 1.11138900e+03
 1.11619000e+03
 1.11940000e+03
 1.12481200e+03
 1.12082000e+03
 1.11457600e+03
 1.10962300e+03
 1.10472700e+03
 1.10790100e+03
 1.10066900e+03
 1.09464700e+03
 1.09852500e+03
 1.09964300e+03
 1.09580900e+03
 1.09447800e+03
 1.10307500e+03
 1.10728400e+03
 1.10941800e+03
 1.10041300e+03
 1.09842700e+03
 1.10422400e+03
 1.10635700e+03
 1.10234600e+03
 1.09073200e+03
 1.09792500e+03
 1.09712900e+03
 1.10242900e+03
 1.09239800e+03
 1.09608400e+03
 1.09474400e+03
 1.10259000e+03
 1.09760400e+03
 1.10080100e+03
 1.10138900e+03
 1.10697600e+03
 1.10070400e+03
 1.09475600e+03
 1.10667600e+03
 1.10996700e+03
 1.13370200e+03
 1.48722200e+03
 1.55557700e+03
 1.60357700e+03
 1.62211200e+03
 1.62442400e+03
 1.63573500e+03
 1.60771200e+03
 1.59492500e+03
 1.60382300e+03
 1.31808000e+03
 1.12046900e+03
 1.12600700e+03
 1.11282400e+03
 1.12436700e+03
 1.12170300e+03
 1.12837100e+03
 1.11710800e+03
 1.12432300e+03
 1.12583800e+03
 1.11682800e+03
 1.10715800e+03
 1.11122200e+03
 1.11367200e+03
 1.11834700e+03
 1.12175300e+03
 1.11148600e+03
 1.11630300e+03
 1.11535100e+03
 1.11922900e+03
 1.10640100e+03
 1.10490200e+03
 1.11632200e+03
 1.11349800e+03
 1.11645300e+03
 1.10733500e+03
 1.11792300e+03
 1.11261200e+03
 1.10772800e+03
 1.10931500e+03
 1.11826500e+03
 1.10965600e+03
 1.11267900e+03
 1.10276800e+03
 1.11059700e+03
 1.11282900e+03
 1.10768600e+03
 1.10421700e+03
 1.10166500e+03
 1.11054000e+03
 1.11096000e+03
 1.11733500e+03
 1.11014400e+03
 1.11842100e+03
 1.12474800e+03
 1.12486900e+03
 1.26620100e+03
 1.50809300e+03
 1.61687500e+03
 1.62411200e+03
 1.62885800e+03
 1.61184400e+03
 1.61250200e+03
 1.60966100e+03
 1.59700700e+03
 1.59010000e+03
 1.58204100e+03
 1.24079100e+03
 1.12162700e+03
 1.13169200e+03
 1.12364400e+03
 1.11571900e+03
 1.12224300e+03
 1.12394300e+03
 1.13255600e+03
 1.11994500e+03
 1.12392500e+03
 1.13139600e+03
 1.12479100e+03
 1.11566400e+03
 1.10541200e+03
 1.11222800e+03
 1.11071700e+03
 1.11125000e+03
 1.11255500e+03
 1.10286500e+03
 1.11069500e+03
 1.10920200e+03
 1.11461600e+03
 1.11138800e+03
 1.09748700e+03
 1.10757500e+03
 1.10605200e+03
 1.11070200e+03
 1.10084900e+03
 1.10685400e+03
 1.11131300e+03
 1.10612300e+03
 1.10713100e+03
 1.09542600e+03
 1.10575400e+03
 1.10016200e+03
 1.10430800e+03
 1.09645200e+03
 1.10614300e+03
 1.10192900e+03
 1.10559900e+03
 1.09428600e+03
 1.10449900e+03
 1.09861800e+03
 1.11052700e+03
 1.11354400e+03
 1.11934500e+03
 1.10929800e+03
 1.20054500e+03
 1.48610100e+03
 1.55369700e+03
 1.60296300e+03
 1.61967000e+03
 1.62319000e+03
 1.60855600e+03
 1.61376100e+03
 1.59939700e+03
 1.59147400e+03
 1.57879500e+03
 1.58904800e+03
 1.33394800e+03
 1.11213600e+03
 1.10904900e+03
 1.10489900e+03
 1.10266400e+03
 1.11180000e+03
 1.11092600e+03
 1.11618200e+03
 1.11255100e+03
 1.10443000e+03
 1.11474600e+03
 1.11613200e+03
 1.11898900e+03
 1.10868100e+03
 1.10614900e+03
 1.11555000e+03
 1.11385600e+03
 1.11935700e+03
 1.11817700e+03
 1.10834700e+03
 1.11528200e+03
 1.11807500e+03
 1.11731800e+03
 1.11188800e+03
 1.10353500e+03
 1.10897000e+03
 1.10989300e+03
 1.11306300e+03
 1.11050600e+03
 1.10139100e+03
 1.10900600e+03
 1.10641600e+03
 1.11362600e+03
 1.10499000e+03
 1.09805800e+03
 1.10388800e+03
 1.10638600e+03
 1.11350300e+03
 1.10754300e+03
 1.10620900e+03
 1.10361500e+03
 1.11010800e+03
 1.10839100e+03
 1.09832900e+03
 1.10554300e+03
 1.11181400e+03
 1.12251400e+03
 1.11473600e+03
 1.10941600e+03
 1.11801700e+03
 1.40913800e+03
 1.53516700e+03
 1.57548000e+03
 1.62009200e+03
 1.62551800e+03
 1.62708900e+03
 1.60447300e+03
 1.60826800e+03
 1.59546300e+03
 1.59332100e+03
 1.57613500e+03
 1.46404400e+03
 1.11957300e+03
 1.11717500e+03
 1.11803600e+03
 1.11695500e+03
 1.10861500e+03
 1.11783700e+03
 1.11604300e+03
 1.11890400e+03
 1.10734600e+03
 1.10613400e+03
 1.11135500e+03
 1.10863800e+03
 1.09983000e+03
 1.09859400e+03
 1.09143200e+03
 1.09708900e+03
 1.10279700e+03
 1.10598200e+03
 1.09929000e+03
 1.09654700e+03
 1.10431100e+03
 1.11248000e+03
 1.10682500e+03
 1.09907800e+03
 1.10444800e+03
 1.09905400e+03
 1.10587400e+03
 1.09841400e+03
 1.09857300e+03
 1.09748600e+03
 1.10416600e+03
 1.11219200e+03
 1.10911400e+03
 1.10489100e+03
 1.10285000e+03
 1.10117400e+03
 1.11029700e+03
 1.10528700e+03
 1.10199600e+03
 1.09534800e+03
 1.08446300e+03
 1.09199600e+03
 1.09067600e+03
 1.10151500e+03
 1.10297900e+03
 1.09519800e+03
 1.10547300e+03
 1.10969100e+03
 1.29574800e+03
 1.51750700e+03
 1.56353200e+03
 1.38182200e+03
 1.10874400e+03
 1.11362000e+03
 1.11172500e+03
 1.10385400e+03
 1.10228500e+03
 1.10553000e+03
 1.10682400e+03
 1.11112800e+03
 1.10379000e+03
 1.10810800e+03
 1.10293300e+03
 1.11046600e+03
 1.10385800e+03
 1.09997900e+03
 1.10541600e+03
 1.10725300e+03
 1.10834800e+03
 1.09932800e+03
 1.10811100e+03
 1.10632400e+03
 1.11019500e+03
 1.09979700e+03
 1.10111600e+03
 1.11110500e+03
 1.10494600e+03
 1.10496700e+03
 1.10312900e+03
 1.11164700e+03
 1.10741700e+03
 1.11022200e+03
 1.10955700e+03
 1.11471100e+03
 1.10522900e+03
 1.10627400e+03
 1.10404200e+03
 1.10861000e+03
 1.09599600e+03
 1.09675200e+03
 1.10084700e+03
 1.10582300e+03
 1.09578200e+03
 1.09049200e+03
 1.09570700e+03
 1.10133700e+03
 1.09831000e+03
 1.08615300e+03
 1.10031500e+03
 1.09736700e+03
 1.10379300e+03
 1.09552100e+03
 1.10597400e+03
 1.10299700e+03
 1.09831300e+03
 1.09494600e+03
 1.10530000e+03
 1.10423100e+03
 1.10065900e+03
 1.10894200e+03
 1.10773700e+03
 1.11033600e+03
 1.10109200e+03
 1.10616600e+03
 1.10415400e+03
 1.11406400e+03
 1.11054700e+03
 1.10597400e+03
 1.10778400e+03
 1.10222400e+03
 1.10831300e+03
 1.11500700e+03
 1.10627700e+03
 1.10784200e+03
 1.10188400e+03
 1.11227200e+03
 1.10703600e+03
 1.10740000e+03
 1.10227900e+03
 1.11090900e+03
 1.11316000e+03
 1.10591500e+03
 1.10260900e+03
 1.10289800e+03
 1.10035600e+03
 1.09904900e+03
 1.09816200e+03
 1.09483900e+03
 1.10262200e+03
 1.09977400e+03
 1.09623400e+03
 1.09351600e+03
 1.09687900e+03
 1.10053500e+03
 1.09998800e+03
 1.10490200e+03
 1.09805700e+03
 1.09747500e+03
 1.10615300e+03
 1.10117700e+03
 1.10559200e+03
 1.10605700e+03
 1.10225100e+03
 1.10322800e+03
 1.10637400e+03
 1.09616400e+03
 1.09578100e+03
 1.09737000e+03
 1.10412500e+03
 1.09894500e+03
 1.09113900e+03
 1.09750400e+03
 1.09753100e+03
 1.10162600e+03
 1.09588500e+03
 1.10997600e+03
 1.10801500e+03
 1.11016900e+03
 1.09801700e+03
 1.11204200e+03
 1.11034600e+03
 1.10423600e+03
 1.10051700e+03
 1.10975300e+03
 1.10208700e+03
 1.09462700e+03
 1.09731400e+03
 1.10841700e+03
 1.09862400e+03
 1.10004100e+03
 1.09445400e+03
 1.10678400e+03
 1.10592200e+03
 1.09735400e+03
 1.10443800e+03
 1.10683300e+03
 1.10759000e+03
 1.09758700e+03
 1.10392400e+03
 1.11289900e+03
 1.11029200e+03
 1.10106300e+03
 1.10841500e+03
 1.10897800e+03
 1.11614900e+03
 1.11190800e+03
 1.10800200e+03
 1.10922200e+03
 1.10840000e+03
 1.10203800e+03
 1.09720700e+03
 1.10864900e+03
 1.10542700e+03
 1.09812600e+03
 1.10229700e+03
 1.10464300e+03
 1.11281200e+03
 1.10764600e+03
 1.10662500e+03
 1.10222200e+03
 1.10306400e+03
 1.10366500e+03
 1.09531100e+03
 1.09988900e+03
 1.10210700e+03
 1.10395100e+03
 1.10281600e+03
 1.09672300e+03
 1.09001100e+03
 1.09400600e+03
 1.09513700e+03
 1.09732600e+03
 1.09508000e+03
 1.09140400e+03
 1.08103400e+03
 1.09284500e+03
 1.09952000e+03
 1.08776300e+03
 1.09030600e+03
 1.09301800e+03
 1.10132900e+03
 1.09096400e+03
 1.09300000e+03
 1.09826200e+03
 1.10176400e+03
 1.09810000e+03
 1.08650000e+03
 1.09166500e+03
 1.09710000e+03
 1.08745600e+03
 1.10148900e+03
 1.10139600e+03
 1.10820900e+03
 1.10035300e+03
 1.10045600e+03
 1.10211200e+03
 1.09950600e+03
 1.10160100e+03
 1.10985900e+03
 1.10636300e+03
 1.10725200e+03
 1.09233400e+03
 1.10391500e+03
 1.09564400e+03
 1.09825500e+03
 1.09134500e+03
 1.10076800e+03
 1.10451000e+03
 1.10063300e+03
 1.10538200e+03
 1.09991200e+03
 1.11321500e+03
 1.11818700e+03
 1.10850400e+03
 1.10838800e+03
 1.10257500e+03
 1.11447900e+03
 1.11494600e+03
 1.10703700e+03
 1.11020800e+03
 1.10070100e+03
 1.10748400e+03
 1.11595600e+03
 1.11112000e+03
 1.10849300e+03
 1.11275000e+03
 1.10883900e+03
 1.11498800e+03
 1.10959700e+03
 1.10647100e+03
 1.11420500e+03
 1.11087500e+03
 1.11251900e+03
 1.11105800e+03
 1.10437500e+03
 1.10772600e+03
 1.10127100e+03
 1.11221300e+03
 1.11688800e+03
 1.11491500e+03
 1.10322700e+03
 1.10167900e+03
 1.10958500e+03
 1.10851500e+03
 1.10297500e+03
 1.10640300e+03
 1.09713600e+03
 1.10609500e+03
 1.10457300e+03
 1.11274400e+03
 1.11544100e+03
 1.10035900e+03
 1.11305700e+03
 1.10679800e+03
 1.11666300e+03
 1.11564100e+03
 1.10905200e+03
 1.11009900e+03
 1.10642300e+03
 1.11169800e+03
 1.11260200e+03
 1.10779600e+03
 1.11020400e+03
 1.11284200e+03
 1.11469800e+03
 1.11010700e+03
 1.11515000e+03
 1.09838700e+03
 1.09379100e+03
 1.10101800e+03
 1.09779100e+03
 1.10410100e+03
 1.09760100e+03
 1.09272000e+03
 1.10350400e+03
 1.10545700e+03
 1.11305100e+03
 1.11585200e+03
 1.10806400e+03
 1.11080600e+03
 1.11237100e+03
 1.10996900e+03
 1.10754200e+03
