120.7504
186.74850000000001
185.3004
186.6532
184.94540000000001
185.90029999999999
186.16589999999999
184.89080000000001
185.09479999999999
143.62710000000001
62.594540000000002
63.99503
41.86748
217.3091
44.708869999999997
36.157400000000003
36.135750000000002
36.093310000000002
34.951700000000002
33.821210000000001
34.2971
33.291409999999999
33.491909999999997
33.094099999999997
23.898499999999999
16.30237
16.378039999999999
16.1343
15.91874
93.248360000000005
58.2729
54.046819999999997
35.862639999999999
35.50264
171.26079999999999
93.731870000000001
92.472300000000004
90.694310000000002
92.811700000000002
92.076759999999993
85.448790000000002
33.739359999999998
160.16659999999999
95.307500000000005
94.705569999999994
95.24503
96.11712
95.490170000000006
93.725520000000003
99.508319999999998
99.243480000000005
96.510540000000006
100.3479
100.9988
41.463140000000003
32.76737
32.149470000000001
146.5
105.8601
105.66540000000001
109.2778
105.34990000000001
109.15560000000001
113.7941
114.7966
123.0466
117.2675
120.5989
123.6811
123.0342
48.575539999999997
31.573319999999999
31.572700000000001
172.9188
135.59450000000001
139.32249999999999
133.67410000000001
140.5634
139.38999999999999
144.00470000000001
146.99019999999999
153.49440000000001
152.947
149.3116
57.63252
30.382660000000001
31.101610000000001
182.48099999999999
177.67490000000001
171.04179999999999
166.60220000000001
168.48390000000001
173.9042
166.2593
161.7491
168.33539999999999
170.59139999999999
193.75919999999999
178.69149999999999
67.690899999999999
30.308
29.395700000000001
167.75800000000001
184.46960000000001
187.66739999999999
186.94139999999999
192.9992
208.93360000000001
210.97720000000001
206.63560000000001
203.2456
210.3614
89.027820000000006
29.67764
29.75545
167.06460000000001
256.95979999999997
231.53219999999999
227.74879999999999
218.78809999999999
214.99969999999999
219.55850000000001
221.6867
215.922
217.9281
214.3443
237.03129999999999
106.7517
27.117979999999999
26.110340000000001
188.08539999999999
256.21690000000001
219.2073
231.25550000000001
230.61439999999999
228.08199999999999
226.61850000000001
226.63570000000001
220.78720000000001
227.98699999999999
234.55279999999999
239.65520000000001
65.020650000000003
26.328150000000001
26.4316
197.2628
245.58670000000001
234.96279999999999
222.946
225.9211
236.78210000000001
206.2704
227.72139999999999
226.7251
229.6722
226.0915
225.87639999999999
64.945679999999996
26.05979
26.647670000000002
198.82169999999999
254.62549999999999
232.6224
232.53229999999999
231.13929999999999
231.07429999999999
234.4691
225.1293
226.2021
232.85149999999999
224.3921
219.38059999999999
50.348889999999997
26.182320000000001
26.203710000000001
205.82159999999999
250.2381
225.06790000000001
225.92339999999999
222.41759999999999
227.61269999999999
229.18360000000001
234.37139999999999
209.2757
228.0564
224.22790000000001
222.0881
214.1054
62.466670000000001
26.176970000000001
26.13898
209.12530000000001
260.64920000000001
227.6439
216.30969999999999
230.898
229.05529999999999
228.10509999999999
212.6729
232.87909999999999
227.49600000000001
205.7029
218.51310000000001
228.91650000000001
72.488110000000006
26.192209999999999
26.258040000000001
219.5446
251.56110000000001
228.77000000000001
230.3741
219.1311
218.06559999999999
226.77719999999999
224.39529999999999
210.12270000000001
212.39060000000001
221.50839999999999
220.02279999999999
202.39410000000001
82.306709999999995
25.580760000000001
26.003209999999999
182.78620000000001
262.9622
214.87520000000001
226.42410000000001
208.77799999999999
228.41659999999999
230.3836
228.76939999999999
234.53880000000001
233.78579999999999
233.0805
223.1414
88.861720000000005
25.658049999999999
25.802160000000001
157.18340000000001
260.3886
212.49610000000001
223.63919999999999
215.6568
217.8312
227.5472
215.3168
236.1944
233.59299999999999
224.79470000000001
230.20070000000001
216.37729999999999
89.089259999999996
25.806550000000001
25.94183
159.63570000000001
256.89789999999999
207.75020000000001
220.3536
235.42320000000001
229.37970000000001
217.4512
222.91800000000001
222.07089999999999
240.38290000000001
210.20310000000001
228.17179999999999
120.65130000000001
25.263079999999999
26.334610000000001
154.57419999999999
257.71420000000001
226.739
222.8974
223.81559999999999
226.99789999999999
236.87280000000001
226.7944
234.48099999999999
213.1301
225.9598
232.42099999999999
211.2664
112.0183
25.63383
25.72184
99.501769999999993
291.52640000000002
201.52549999999999
235.1788
220.52930000000001
231.9462
237.0829
221.5532
219.8526
230.7466
241.98500000000001
228.3896
232.22470000000001
119.00190000000001
25.79196
25.844190000000001
90.871030000000005
283.5992
215.81870000000001
225.61199999999999
238.39830000000001
233.83940000000001
237.84190000000001
232.38999999999999
246.45910000000001
240.9641
235.8246
244.71969999999999
139.40280000000001
25.605519999999999
26.034549999999999
78.308819999999997
311.98379999999997
215.6054
220.7079
224.6472
227.9468
216.37469999999999
231.2544
224.57560000000001
229.6326
236.815
227.44450000000001
137.24520000000001
25.84141
25.35615
71.667199999999994
201.20849999999999
224.14439999999999
237.0086
231.63550000000001
223.2989
228.7474
237.75569999999999
219.6208
229.74709999999999
224.89269999999999
236.2996
25.373799999999999
25.41028
46.041049999999998
300.95609999999999
228.09030000000001
226.02780000000001
203.3519
230.87370000000001
223.9111
227.7603
234.9307
226.2654
223.3663
232.8852
174.6148
24.94398
39.406269999999999
302.96530000000001
221.672
218.78960000000001
229.38130000000001
236.9828
231.70609999999999
235.95050000000001
221.90309999999999
207.54589999999999
221.88130000000001
229.08799999999999
221.02930000000001
175.83260000000001
26.093979999999998
25.378810000000001
30.495080000000002
238.5445
220.233
228.66890000000001
216.82769999999999
225.2045
225.7276
234.99029999999999
211.15389999999999
230.58320000000001
181.83709999999999
25.136369999999999
25.372579999999999
27.463000000000001
295.04610000000002
210.1311
213.02420000000001
221.26490000000001
229.22319999999999
224.09100000000001
233.2054
235.85470000000001
237.07980000000001
229.9083
189.7861
25.282319999999999
78.030839999999998
284.51940000000002
221.70939999999999
233.15870000000001
222.6908
223.3784
226.87180000000001
219.78909999999999
225.52860000000001
218.66290000000001
216.4684
224.28129999999999
162.17859999999999
25.01726
25.826840000000001
57.840910000000001
238.2713
226.1961
233.64709999999999
214.02799999999999
229.6249
225.721
239.0059
239.90469999999999
242.1814
233.94540000000001
220.89320000000001
152.2414
25.555669999999999
26.03116
71.579409999999996
289.72390000000001
237.38839999999999
230.47559999999999
224.0112
231.78360000000001
220.69759999999999
234.65119999999999
240.03659999999999
226.28649999999999
231.8826
224.56979999999999
234.7295
159.88999999999999
25.667020000000001
25.454419999999999
273.2466
232.7878
219.62370000000001
243.35679999999999
234.45660000000001
239.56970000000001
231.4332
245.1634
242.9469
235.67320000000001
228.74700000000001
136.1454
25.647919999999999
25.694939999999999
97.86739
288.46600000000001
238.43729999999999
229.64590000000001
229.82089999999999
244.53469999999999
239.83019999999999
230.5162
235.65110000000001
227.21539999999999
229.4469
221.3844
230.1797
149.90110000000001
25.006730000000001
24.87416
127.4301
254.7423
214.5213
234.7799
233.91419999999999
232.971
223.67269999999999
227.4743
222.18209999999999
233.5737
229.99420000000001
244.1927
230.0102
118.59099999999999
24.345780000000001
24.28961
144.2122
281.11329999999998
222.29390000000001
228.6661
239.24709999999999
222.22829999999999
225.42070000000001
223.6386
221.40350000000001
234.24350000000001
231.30709999999999
241.82339999999999
232.05529999999999
94.456729999999993
24.73854
24.2849
123.61879999999999
261.2962
238.39160000000001
237.26679999999999
234.62309999999999
272.58190000000002
190.5016
345.7296
418.38209999999998
379.4393
376.06939999999997
374.4067
384.87200000000001
362.01729999999998
368.96800000000002
351.7663
333.9905
373.27820000000003
334.65559999999999
183.16829999999999
183.55260000000001
182.5086
363.19830000000002
332.71620000000001
332.55759999999998
347.86419999999998
327.52589999999998
332.94510000000002
331.37909999999999
337.80059999999997
331.9837
334.7826
332.02670000000001
327.39550000000003
185.77350000000001
185.04220000000001
344.77749999999997
336.98070000000001
332.82760000000002
237.17779999999999
185.84030000000001
398.12560000000002
334.14670000000001
334.26170000000002
344.49930000000001
343.12220000000002
328.86610000000002
345.27170000000001
346.37310000000002
332.0804
318.67739999999998
337.3974
304.68979999999999
293.85180000000003
309.21899999999999
280.09019999999998
276.30650000000003
255.2748
269.2758
269.86829999999998
268.67349999999999
267.327
263.39150000000001
263.40629999999999
263.7328
261.4513
265.9674
255.9025
260.25599999999997
259.7715
258.34750000000003
256.72840000000002
256.35050000000001
254.65360000000001
256.26139999999998
253.2852
255.4511
254.30070000000001
250.3192
254.50919999999999
253.3879
252.19820000000001
255.53739999999999
253.57249999999999
255.7526
251.07910000000001
248.35599999999999
251.55359999999999
248.35550000000001
250.30189999999999
250.37819999999999
250.69030000000001
249.56190000000001
248.62729999999999
248.17580000000001
249.57499999999999
249.1371
249.48320000000001
250.2679
249.6498
248.80629999999999
250.01140000000001
248.78630000000001
248.3503
250.29490000000001
247.4537
250.7133
246.8683
250.9573
248.7766
247.95820000000001
249.8657
250.31460000000001
248.36879999999999
247.75909999999999
249.53659999999999
248.66800000000001
250.2938
248.06209999999999
248.42160000000001
247.5222
250.26660000000001
249.54939999999999
247.67070000000001
354.99919999999997
365.94119999999998
276.43729999999999
273.61290000000002
275.12479999999999
273.91489999999999
275.10059999999999
273.95859999999999
273.15050000000002
272.93779999999998
273.07870000000003
274.26420000000002
272.58210000000003
273.7398
275.1816
272.82510000000002
272.31970000000001
275.73660000000001
273.89679999999998
239.1302
183.93790000000001
226.68129999999999
249.48099999999999
239.29730000000001
243.124
242.50049999999999
246.5932
248.36240000000001
247.1764
247.65710000000001
249.81010000000001
249.64250000000001
247.41050000000001
248.04390000000001
246.5643
249.1422
248.60759999999999
250.92939999999999
246.1147
247.27449999999999
249.97059999999999
247.45570000000001
248.5051
248.8134
247.7867
248.91370000000001
248.19829999999999
246.95650000000001
248.79599999999999
249.55119999999999
248.37819999999999
247.7373
246.77430000000001
248.42779999999999
248.20699999999999
248.89750000000001
247.1687
249.91200000000001
247.08690000000001
249.4863
246.28370000000001
248.6371
247.97980000000001
245.74270000000001
248.89330000000001
247.79390000000001
248.7259
248.5368
247.3091
248.804
247.565
243.56049999999999
246.5282
248.40989999999999
245.22399999999999
247.2252
246.5943
245.75049999999999
248.4813
246.85499999999999
247.6335
245.84540000000001
248.47460000000001
246.91409999999999
246.9366
247.5676
221.21559999999999
213.96250000000001
27.991530000000001
142.36189999999999
153.2184
153.03360000000001
142.6422
152.51939999999999
152.60290000000001
146.22450000000001
157.07820000000001
156.28200000000001
160.63990000000001
150.648
154.98500000000001
159.37899999999999
58.4589
27.079229999999999
27.48452
175.65090000000001
165.26159999999999
165.08779999999999
160.1601
168.99449999999999
172.4135
167.99180000000001
164.11969999999999
180.54730000000001
172.30439999999999
165.5591
192.12989999999999
55.802500000000002
28.018529999999998
27.14273
181.52209999999999
189.66730000000001
200.6113
177.22890000000001
186.71199999999999
201.8066
205.47030000000001
194.32759999999999
213.86000000000001
204.25020000000001
190.0187
198.9667
55.033920000000002
26.922789999999999
26.596060000000001
206.0693
244.5052
205.2062
224.4616
220.97739999999999
211.39619999999999
225.02109999999999
222.1636
209.72329999999999
221.46190000000001
232.06059999999999
230.59639999999999
49.11459
27.688389999999998
26.374790000000001
214.81559999999999
243.27610000000001
235.0883
252.2748
240.46879999999999
241.85730000000001
255.8638
249.25909999999999
223.61850000000001
241.19999999999999
263.76999999999998
244.30179999999999
252.7987
29.691320000000001
27.66282
28.217700000000001
228.23159999999999
276.95170000000002
243.32239999999999
247.29320000000001
279.71179999999998
270.45850000000002
254.41309999999999
266.39490000000001
283.32859999999999
264.40410000000003
264.60509999999999
288.65260000000001
248.42529999999999
27.723610000000001
27.96397
27.667149999999999
229.55860000000001
304.30579999999998
273.9547
263.46710000000002
288.36669999999998
294.20460000000003
290.0813
297.06830000000002
258.92140000000001
275.9196
302.80450000000002
248.13720000000001
25.407779999999999
25.675529999999998
25.12323
242.17230000000001
311.40609999999998
295.68819999999999
285.04109999999997
281.52429999999998
304.53140000000002
309.24619999999999
266.56889999999999
280.99959999999999
273.66699999999997
283.36419999999998
245.61600000000001
24.92503
162.27979999999999
293.10019999999997
285.48070000000001
310.14479999999998
266.15989999999999
293.96719999999999
299.29579999999999
266.55799999999999
259.77640000000002
300.25700000000001
314.37909999999999
306.8673
290.8603
100.8314
35.128950000000003
35.48339
142.35470000000001
307.40039999999999
299.92619999999999
280.96609999999998
277.82139999999998
281.41250000000002
296.51069999999999
254.2003
323.40769999999998
263.22430000000003
268.26139999999998
290.8494
277.9785
80.96705
24.942260000000001
25.462330000000001
151.749
292.3365
277.9588
286.24790000000002
298.65929999999997
277.46350000000001
286.0591
304.48869999999999
289.70909999999998
297.04399999999998
296.52339999999998
270.29919999999998
271.40050000000002
109.6296
24.42229
25.233730000000001
186.61449999999999
287.34460000000001
318.67469999999997
312.69170000000003
290.8347
289.5625
284.16539999999998
284.94330000000002
287.68560000000002
280.52550000000002
265.29689999999999
318.53309999999999
290.322
84.228629999999995
25.553840000000001
24.8124
195.71600000000001
302.36959999999999
297.14100000000002
281.4982
272.43000000000001
286.6309
288.45870000000002
298.28879999999998
295.846
275.40069999999997
307.53359999999998
278.76319999999998
24.306010000000001
24.30369
217.4907
297.85000000000002
302.27839999999998
296.2593
279.46480000000003
306.69670000000002
302.67189999999999
284.928
303.62729999999999
307.01960000000003
305.23750000000001
296.03960000000001
310.51679999999999
64.335620000000006
26.216750000000001
24.467970000000001
227.88059999999999
273.16199999999998
301.36470000000003
284.70209999999997
290.16480000000001
297.22179999999997
288.9495
279.64240000000001
307.55770000000001
322.34960000000001
304.7276
275.03719999999998
290.18259999999998
25.164280000000002
25.171029999999998
25.496400000000001
245.44309999999999
282.7867
278.46269999999998
327.28699999999998
269.93650000000002
304.42849999999999
291.54050000000001
280.54259999999999
296.43310000000002
278.15249999999997
288.55790000000002
280.34629999999999
24.926369999999999
25.441960000000002
24.929290000000002
260.76960000000003
339.51350000000002
244.91909999999999
271.42469999999997
472.09620000000001
449.14420000000001
453.07350000000002
451.3544
443.32429999999999
458.00850000000003
460.87200000000001
444.40190000000001
448.1782
434.80889999999999
438.25170000000003
303.49889999999999
199.179
307.55779999999999
434.23939999999999
402.18860000000001
406.85210000000001
406.55470000000003
384.36419999999998
413.15530000000001
399.3075
372.42849999999999
370.58280000000002
370.46039999999999
346.84710000000001
366.0718
254.9212
182.3151
232.74629999999999
418.52940000000001
314.44810000000001
347.54379999999998
333.2516
344.34050000000002
348.81610000000001
348.42520000000002
342.19690000000003
350.38229999999999
333.7817
344.14109999999999
357.39929999999998
359.37329999999997
336.6377
315.47239999999999
283.68060000000003
263.59980000000002
268.82889999999998
281.8306
269.71260000000001
262.42790000000002
260.92739999999998
253.51509999999999
259.47449999999998
256.97559999999999
260.70659999999998
252.77209999999999
251.1618
248.0581
253.43430000000001
255.33799999999999
254.85310000000001
244.07320000000001
255.6968
252.2004
242.10749999999999
252.56909999999999
255.0359
243.0908
257.25240000000002
248.28749999999999
248.68279999999999
258.42020000000002
246.65360000000001
260.43369999999999
242.66480000000001
248.1695
242.9024
249.40950000000001
241.4717
249.00450000000001
242.91980000000001
246.66489999999999
243.77070000000001
246.14930000000001
242.95650000000001
244.99629999999999
244.09739999999999
243.84440000000001
247.9803
243.28659999999999
249.66229999999999
244.36969999999999
249.83690000000001
240.9727
249.5309
241.19829999999999
247.42529999999999
242.21369999999999
248.8861
241.85560000000001
246.86089999999999
244.6456
244.6584
246.524
244.0889
246.17189999999999
243.81209999999999
246.81720000000001
241.0487
247.53720000000001
241.13130000000001
247.51580000000001
241.59970000000001
247.00409999999999
242.46690000000001
249.0745
372.9348
361.13720000000001
284.57639999999998
286.06830000000002
282.00729999999999
282.68869999999998
283.40519999999998
282.12439999999998
284.61970000000002
282.83800000000002
283.00139999999999
282.85930000000002
278.5829
282.61419999999998
280.19080000000002
282.0018
279.68689999999998
283.36799999999999
177.99199999999999
286.47640000000001
77.033330000000007
138.36770000000001
143.40539999999999
162.68940000000001
155.12119999999999
151.2714
166.2773
153.53800000000001
166.73150000000001
162.84280000000001
156.61869999999999
167.51499999999999
27.013909999999999
25.643719999999998
141.18690000000001
184.31059999999999
163.13570000000001
170.85040000000001
166.78980000000001
175.57079999999999
165.29740000000001
165.34999999999999
171.03120000000001
180.22790000000001
163.98840000000001
179.7936
67.457750000000004
25.583089999999999
151.30670000000001
189.06970000000001
170.75200000000001
169.73769999999999
174.20330000000001
189.4735
174.67930000000001
187.47280000000001
184.91489999999999
181.17869999999999
189.52500000000001
187.1319
179.37530000000001
71.995289999999997
27.675540000000002
27.507639999999999
157.78479999999999
197.8519
185.92959999999999
198.6977
180.0478
192.804
205.9889
206.6857
186.98150000000001
203.2567
206.88050000000001
189.05549999999999
207.98070000000001
61.191380000000002
27.58004
27.640969999999999
176.5042
215.18780000000001
225.3477
217.01920000000001
220.58160000000001
229.82939999999999
237.99770000000001
226.3775
235.47049999999999
253.8639
223.4837
246.4982
230.50720000000001
58.217739999999999
27.44575
27.710819999999998
152.6129
260.39210000000003
250.22669999999999
226.5018
227.4151
239.53739999999999
230.62700000000001
264.6755
233.2662
239.78819999999999
227.83459999999999
247.24189999999999
76.804699999999997
24.973490000000002
24.631060000000002
151.9134
275.82999999999998
251.29050000000001
230.63239999999999
219.90469999999999
264.61219999999997
243.74639999999999
247.05330000000001
252.25129999999999
256.71080000000001
221.6474
265.9051
255.27619999999999
74.688839999999999
24.868939999999998
175.8811
285.16419999999999
254.56379999999999
262.95819999999998
255.17070000000001
242.51329999999999
244.05779999999999
241.81309999999999
241.75620000000001
249.75749999999999
265.11959999999999
241.15479999999999
258.31670000000003
60.097529999999999
24.60932
25.210979999999999
209.42439999999999
250.71789999999999
264.15949999999998
254.43469999999999
257.59179999999998
239.7808
273.21809999999999
242.61930000000001
239.4623
270.87880000000001
247.6824
240.6474
253.97470000000001
57.817360000000001
25.349419999999999
24.987010000000001
225.0095
250.72460000000001
238.67099999999999
247.5068
241.80619999999999
241.8578
258.29770000000002
197.15539999999999
424.06630000000001
366.9427
414.3365
389.05059999999997
379.88389999999998
398.42009999999999
364.5668
382.1207
377.2697
390.20960000000002
347.62869999999998
377.45389999999998
345.34190000000001
183.761
184.17009999999999
185.47309999999999
387.4889
333.25700000000001
358.0247
343.11090000000002
368.93009999999998
358.18349999999998
363.14319999999998
364.42079999999999
340.57780000000002
341.60289999999998
328.62110000000001
184.4025
185.6404
183.4084
184.803
245.7022
380.87079999999997
340.5797
324.61169999999998
345.15109999999999
325.76010000000002
335.54329999999999
350.2978
348.17770000000002
355.62779999999998
341.49829999999997
334.21690000000001
345.67309999999998
330.51459999999997
322.93770000000001
274.18889999999999
289.17500000000001
267.04169999999999
267.00869999999998
267.09070000000003
255.50559999999999
263.11219999999997
260.7697
254.0532
253.48429999999999
252.8707
251.99799999999999
249.74379999999999
251.05520000000001
247.3785
250.50129999999999
248.44669999999999
245.8845
248.9074
247.57910000000001
246.2046
245.45519999999999
244.9624
250.0685
243.5547
247.87370000000001
250.36359999999999
245.03389999999999
249.20480000000001
246.32130000000001
248.77379999999999
246.20869999999999
244.14920000000001
245.18020000000001
245.8777
243.95230000000001
244.39179999999999
244.14150000000001
244.7621
245.81800000000001
242.2338
245.99610000000001
241.91300000000001
244.75739999999999
244.41489999999999
244.26220000000001
245.63290000000001
243.678
245.80410000000001
243.77029999999999
245.08709999999999
246.31270000000001
242.74889999999999
245.4211
243.23390000000001
242.2063
246.08199999999999
241.3381
246.1284
242.5763
243.46789999999999
243.6447
245.59389999999999
243.6311
243.8826
245.8253
241.7183
243.23159999999999
242.21170000000001
321.42099999999999
393.8141
283.58940000000001
274.97000000000003
274.11709999999999
273.95179999999999
272.90750000000003
275.29140000000001
273.8236
271.60660000000001
274.65269999999998
273.59930000000003
273.33609999999999
274.58420000000001
274.96499999999997
273.64159999999998
275.90339999999998
273.6105
246.30119999999999
187.56309999999999
206.74850000000001
248.21619999999999
237.29560000000001
237.68039999999999
177.4973
162.5093
328.072
351.76920000000001
355.93959999999998
371.71190000000001
382.36709999999999
308.11290000000002
307.25990000000002
308.48070000000001
311.4255
310.22250000000003
308.62479999999999
318.11619999999999
307.64179999999999
306.49860000000001
307.57990000000001
307.3098
304.8329
308.42189999999999
301.31979999999999
305.34589999999997
308.45940000000002
303.88959999999997
308.1628
310.47550000000001
306.2441
305.69040000000001
307.99400000000003
305.53519999999997
307.70650000000001
251.13239999999999
403.13119999999998
432.05599999999998
436.55500000000001
446.50830000000002
408.29140000000001
364.63959999999997
365.35730000000001
361.15260000000001
361.20330000000001
363.01940000000002
358.70819999999998
361.33690000000001
361.9375
363.49329999999998
359.88529999999997
362.97680000000003
362.55290000000002
360.74869999999999
364.87040000000002
362.2423
360.39870000000002
363.21530000000001
482.62119999999999
574.11440000000005
603.7047
640.46810000000005
671.84289999999999
717.55269999999996
788.73260000000005
809.06129999999996
836.56010000000003
674.4271
553.67909999999995
560.09559999999999
555.66049999999996
554.29430000000002
558.16780000000006
553.61189999999999
553.43849999999998
559.55870000000004
544.13580000000002
554.69320000000005
543.93409999999994
542.71939999999995
541.89589999999998
538.74480000000005
535.79020000000003
537.2038
548.45079999999996
542.05769999999995
539.24699999999996
538.42340000000002
536.55470000000003
537.39070000000004
538.91219999999998
538.90030000000002
538.39660000000003
542.53890000000001
537.72220000000004
575.10130000000004
587.11810000000003
592.17349999999999
593.274
612.28629999999998
604.52329999999995
602.56989999999996
605.10289999999998
611.13019999999995
614.40459999999996
610.82169999999996
633.15970000000004
621.16989999999998
631.04380000000003
625.71159999999998
627.01620000000003
629.38279999999997
638.15959999999995
636.82759999999996
641.10659999999996
642.50250000000005
651.30939999999998
648.29690000000005
666.6694
655.45420000000001
662.22990000000004
683.61109999999996
670.62540000000001
673.79679999999996
674.76059999999995
700.22299999999996
681.45039999999995
688.86530000000005
689.803
714.34280000000001
702.92499999999995
683.40729999999996
645.41110000000003
654.25620000000004
643.96130000000005
645.98569999999995
644.89390000000003
647.57230000000004
648.25540000000001
642.53639999999996
649.80020000000002
646.54340000000002
641.93190000000004
640.77499999999998
653.99480000000005
639.37249999999995
639.41769999999997
642.85289999999998
659.05100000000004
635.44989999999996
640.09059999999999
638.90009999999995
639.60990000000004
637.48940000000005
645.9298
636.24239999999998
634.60990000000004
642.06280000000004
637.19420000000002
638.91099999999994
648.31949999999995
633.69690000000003
633.8433
637.5258
646.19650000000001
633.40530000000001
634.39369999999997
632.81619999999998
633.55039999999997
631.57309999999995
635.66600000000005
629.95100000000002
643.99469999999997
632.00869999999998
626.58810000000005
631.10149999999999
638.29989999999998
630.55259999999998
625.81389999999999
643.47299999999996
629.62009999999998
627.8306
630.62879999999996
629.08249999999998
628.23180000000002
633.27139999999997
628.52530000000002
632.4325
626.428
624.7921
629.87440000000004
625.41800000000001
640.42160000000001
627.31849999999997
625.23099999999999
625.29660000000001
637.20950000000005
620.50969999999995
628.80870000000004
622.46720000000005
631.899
623.11320000000001
621.81759999999997
620.2758
631.72640000000001
618.41189999999995
619.46249999999998
624.57370000000003
616.19290000000001
630.63649999999996
620.90060000000005
624.13959999999997
622.1499
622.86720000000003
618.9941
623.17259999999999
620.53049999999996
622.36890000000005
628.29579999999999
622.22739999999999
622.57929999999999
622.88
619.74959999999999
616.99069999999995
617.96910000000003
637.89750000000004
615.61519999999996
618.76829999999995
616.97249999999997
627.7337
615.03020000000004
619.93389999999999
617.17790000000002
629.5421
613.05629999999996
618.99220000000003
630.85839999999996
616.05219999999997
267.35910000000001
382.19830000000002
381.14980000000003
387.5634
378.1046
371.26249999999999
372.03269999999998
363.5652
365.04390000000001
303.94060000000002
92.078490000000002
130.42859999999999
74.13091
68.25994
98.274590000000003
90.573139999999995
81.520219999999995
79.515370000000004
91.745739999999998
75.121179999999995
73.605170000000001
57.465719999999997
24.053940000000001
24.248519999999999
24.18336
24.53912
24.587060000000001
24.361740000000001
24.253730000000001
24.5976
29.658989999999999
