94.869649999999993
90.780879999999996
89.921170000000004
91.382679999999993
88.724299999999999
39.627299999999998
146.66159999999999
100.9691
88.845240000000004
95.075159999999997
89.518169999999998
95.963170000000005
88.870810000000006
94.085679999999996
95.726159999999993
89.322400000000002
93.812560000000005
93.685980000000001
52.658110000000001
32.055059999999997
33.564349999999997
138.39330000000001
115.6724
100.1807
91.254739999999998
106.8822
97.683419999999998
94.353710000000007
99.043120000000002
100.6904
94.314729999999997
104.456
100.66119999999999
104.52979999999999
59.133710000000001
32.394570000000002
32.34019
122.8462
137.73169999999999
109.7496
106.3824
120.657
116.42019999999999
102.77509999999999
120.5985
122.6489
113.355
117.4325
126.1041
109.8751
68.616439999999997
31.12208
30.755369999999999
117.1784
156.66759999999999
138.3425
128.30430000000001
139.30189999999999
140.3152
130.62899999999999
127.6588
139.60910000000001
139.15299999999999
131.3039
147.08869999999999
149.65430000000001
76.174329999999998
30.715199999999999
30.36955
108.9365
226.6369
152.0993
152.94390000000001
157.16589999999999
160.1987
162.2433
158.45160000000001
163.49379999999999
155.08629999999999
167.21430000000001
176.7105
90.399349999999998
27.971830000000001
27.252289999999999
93.114289999999997
231.50380000000001
184.70599999999999
171.733
166.83170000000001
171.48650000000001
183.61930000000001
171.73480000000001
175.63
183.5539
188.14689999999999
181.74690000000001
174.12010000000001
96.927869999999999
27.046569999999999
27.187719999999999
78.051569999999998
261.90679999999998
188.2303
188.19999999999999
183.68729999999999
180.87200000000001
183.90479999999999
185.21190000000001
177.87809999999999
182.2492
190.08150000000001
185.63499999999999
182.55109999999999
109.7709
27.359529999999999
27.33277
70.750730000000004
244.5634
184.21789999999999
35.736020000000003
285.37049999999999
179.37
184.86609999999999
189.93039999999999
181.52590000000001
182.14189999999999
185.15190000000001
199.53219999999999
186.1661
183.17760000000001
175.87020000000001
195.042
164.9144
27.903680000000001
26.265730000000001
35.23386
300.36020000000002
195.67689999999999
187.49279999999999
198.54929999999999
190.45249999999999
189.53399999999999
191.33690000000001
193.6773
198.33699999999999
200.416
210.8663
148.4924
27.03191
25.368469999999999
54.605919999999998
273.13350000000003
217.03960000000001
208.18430000000001
197.8364
198.82859999999999
207.7243
211.53999999999999
203.29949999999999
195.02420000000001
190.5333
199.95910000000001
196.73939999999999
157.483
26.357399999999998
26.01642
61.414259999999999
289.90410000000003
204.44970000000001
200.9615
193.77000000000001
201.00409999999999
201.33690000000001
196.16220000000001
206.43780000000001
197.24709999999999
219.20679999999999
187.6678
332.41390000000001
347.09399999999999
356.01080000000002
355.702
335.68099999999998
342.1875
337.85300000000001
336.34190000000001
315.77480000000003
320.98520000000002
314.97739999999999
317.21050000000002
314.56720000000001
205.24369999999999
184.19839999999999
181.8707
338.35379999999998
319.10239999999999
308.80549999999999
318.55000000000001
316.85719999999998
318.79320000000001
320.30040000000002
310.33339999999998
314.8288
311.33609999999999
309.40159999999997
317.97149999999999
300.1506
202.49619999999999
183.04920000000001
183.155
347.1678
311.14960000000002
275.11470000000003
154.18899999999999
29.688400000000001
221.1122
188.46559999999999
173.0806
170.74950000000001
169.24629999999999
174.52090000000001
176.38200000000001
179.04759999999999
181.61670000000001
172.00909999999999
174.0581
167.68170000000001
90.779290000000003
30.118010000000002
28.722349999999999
115.687
211.16820000000001
189.2741
178.32259999999999
169.33199999999999
171.67910000000001
175.47309999999999
171.13579999999999
177.8939
182.94200000000001
186.82490000000001
180.28749999999999
109.80889999999999
27.583079999999999
29.14188
127.0283
223.07050000000001
217.81620000000001
196.49350000000001
190.54239999999999
191.34700000000001
189.59530000000001
203.46109999999999
200.63310000000001
190.46629999999999
193.86269999999999
199.30889999999999
106.0022
26.582229999999999
26.218330000000002
163.27340000000001
237.38480000000001
206.99969999999999
205.9127
220.79509999999999
195.29069999999999
203.00569999999999
213.65770000000001
209.3245
211.7628
212.45050000000001
213
96.279839999999993
26.14171
26.356259999999999
128.8887
250.32640000000001
227.87039999999999
221.19589999999999
191.5746
207.05619999999999
209.85329999999999
208.15530000000001
204.70419999999999
226.5061
212.21770000000001
208.21080000000001
214.10659999999999
117.0874
26.43629
25.717919999999999
115.7701
255.5735
230.75970000000001
221.4315
209.37090000000001
207.8409
200.02330000000001
203.52529999999999
203.47120000000001
206.74430000000001
213.9939
213.6157
203.2739
94.451880000000003
26.579689999999999
25.721019999999999
101.1652
272.49439999999998
216.54580000000001
207.91919999999999
208.7568
211.94929999999999
214.62
216.9042
212.69890000000001
207.31870000000001
199.4385
209.77330000000001
212.2458
118.1992
25.25178
27.53424
87.321200000000005
264.84559999999999
215.64330000000001
203.66480000000001
200.9495
202.40119999999999
204.63149999999999
210.01220000000001
208.47909999999999
205.95679999999999
200.14400000000001
208.5384
203.8245
25.738209999999999
26.298919999999999
78.247569999999996
285.10989999999998
215.9496
212.45920000000001
205.13120000000001
206.6337
205.86949999999999
205.90940000000001
202.36519999999999
203.86760000000001
208.4726
205.3015
208.7833
133.376
26.33306
63.339739999999999
270.39879999999999
220.22739999999999
211.541
209.33269999999999
206.2782
210.77780000000001
201.35839999999999
204.7697
205.66069999999999
205.01609999999999
214.9091
213.70949999999999
141.9777
25.506589999999999
25.753620000000002
47.921810000000001
280.98439999999999
205.8664
205.70079999999999
204.2697
209.38419999999999
209.88839999999999
210.06909999999999
209.3383
208.2765
195.54230000000001
201.73929999999999
199.77950000000001
151.93360000000001
25.306180000000001
26.360869999999998
40.795099999999998
283.69279999999998
209.16210000000001
205.78049999999999
202.8015
202.03729999999999
210.39169999999999
204.1001
205.58240000000001
202.68369999999999
214.2619
206.22630000000001
215.94800000000001
150.8569
26.34995
26.285360000000001
30.99221
293.69099999999997
224.161
205.01910000000001
202.91579999999999
201.1018
216.8389
205.97749999999999
207.77420000000001
202.98519999999999
202.0187
206.33090000000001
201.0163
171.61349999999999
25.68544
25.733779999999999
27.894780000000001
303.69529999999997
218.2364
214.81829999999999
211.2303
212.8015
211.78819999999999
211.04050000000001
204.87190000000001
206.58349999999999
198.44540000000001
201.1671
204.9836
182.446
25.340699999999998
26.16459
26.277940000000001
271.07190000000003
217.75620000000001
219.97059999999999
206.37610000000001
204.99600000000001
202.05459999999999
206.23830000000001
209.3734
207.6541
210.42359999999999
209.44880000000001
210.54859999999999
189.22370000000001
25.295449999999999
26.207560000000001
25.854859999999999
274.31259999999997
213.995
198.3629
213.25389999999999
208.38849999999999
213.1448
207.53
205.74270000000001
213.9462
204.20500000000001
204.7347
209.38239999999999
195.9477
26.47579
25.390999999999998
26.513719999999999
259.18009999999998
219.08750000000001
211.60429999999999
206.46170000000001
219.17439999999999
211.52969999999999
209.85839999999999
216.97810000000001
206.82660000000001
212.2996
206.09399999999999
201.49719999999999
211.92160000000001
24.97017
26.13721
26.718990000000002
285.4298
203.7801
212.96299999999999
218.20500000000001
201.67679999999999
212.51920000000001
207.01599999999999
202.6679
211.0248
208.4796
198.45869999999999
201.3648
175.39109999999999
25.70833
26.284109999999998
26.738479999999999
307.53399999999999
202.47069999999999
215.726
204.26900000000001
196.1644
202.28270000000001
207.78800000000001
213.14959999999999
209.9417
202.25810000000001
198.75720000000001
204.39060000000001
173.809
26.773160000000001
25.520820000000001
29.628440000000001
342.18220000000002
213.61449999999999
203.19810000000001
205.99170000000001
210.2876
203.2277
200.73920000000001
208.80430000000001
203.1096
205.0224
201.4374
210.09379999999999
171.6891
26.671029999999998
25.991099999999999
48.207769999999996
303.03739999999999
207.2672
207.7944
199.88249999999999
201.28200000000001
200.7587
207.6609
213.14089999999999
204.53909999999999
209.18680000000001
209.62360000000001
164.8724
25.894380000000002
25.860340000000001
44.770009999999999
297.07729999999998
219.09630000000001
202.0043
202.28110000000001
198.1069
226.36099999999999
203.60040000000001
202.3109
198.8955
201.15940000000001
203.5121
212.41460000000001
163.56999999999999
26.283709999999999
25.68177
47.63814
303.77120000000002
225.14769999999999
197.999
217.17310000000001
206.0967
207.94030000000001
209.6643
195.6591
203.4675
210.56989999999999
218.65100000000001
144.7954
25.767399999999999
26.504020000000001
63.953580000000002
272.67910000000001
218.90450000000001
210.42169999999999
159.35570000000001
116.58799999999999
259.34899999999999
208.99299999999999
190.22890000000001
204.6618
207.33519999999999
196.95140000000001
204.32730000000001
199.27979999999999
199.33789999999999
203.54660000000001
196.58099999999999
206.89449999999999
116.01300000000001
26.218019999999999
25.746749999999999
117.0575
274.79820000000001
211.67449999999999
195.4076
204.18029999999999
191.29650000000001
196.8313
195.51750000000001
193.7388
200.83619999999999
188.34909999999999
193.76580000000001
101.6152
26.358039999999999
26.220410000000001
106.4823
245.4555
222.78880000000001
201.7294
195.078
204.89830000000001
197.51230000000001
196.08510000000001
206.89510000000001
200.10919999999999
197.34610000000001
203.3494
200.03110000000001
121.0796
25.606359999999999
26.33184
82.671909999999997
263.81889999999999
202.90299999999999
208.12039999999999
208.93960000000001
199.6885
201.91470000000001
197.3519
202.6036
205.31460000000001
203.73740000000001
224.22049999999999
209.44900000000001
119.2937
26.140329999999999
25.65316
79.150819999999996
277.15170000000001
208.672
197.31549999999999
200.5797
202.87819999999999
211.50470000000001
192.5171
198.0908
196.89439999999999
207.64060000000001
204.75229999999999
198.58799999999999
134.39529999999999
26.091670000000001
25.665690000000001
57.246189999999999
268.94810000000001
209.28880000000001
204.4494
204.11019999999999
201.22640000000001
205.82079999999999
201.69149999999999
209.6925
201.39869999999999
208.24449999999999
204.23750000000001
129.87729999999999
26.260390000000001
25.499020000000002
47.84787
290.42070000000001
202.07249999999999
193.7525
202.68719999999999
203.8511
201.4529
215.5575
217.44110000000001
204.59700000000001
203.36240000000001
203.64169999999999
205.2996
143.58920000000001
25.05621
26.70729
37.581490000000002
280.07990000000001
219.19479999999999
198.8776
204.1002
205.33670000000001
200.7131
189.5026
278.90589999999997
388.63249999999999
356.2636
350.07940000000002
345.93959999999998
348.8433
353.9862
356.27159999999998
341.00299999999999
317.51179999999999
322.96199999999999
314.08449999999999
315.99489999999997
228.58670000000001
183.72489999999999
183.29759999999999
299.29430000000002
329.00279999999998
325.92169999999999
320.38940000000002
317.77969999999999
321.6866
321.26029999999997
313.69760000000002
310.8492
317.25790000000001
316.49180000000001
316.87419999999997
234.7105
185.35079999999999
365.0564
321.41629999999998
327.2518
328.92829999999998
316.66300000000001
311.90109999999999
315.18079999999998
327.46080000000001
320.065
315.15679999999998
335.38549999999998
319.88499999999999
322.60199999999998
319.59530000000001
318.01190000000003
332.3107
313.4366
314.18799999999999
319.40190000000001
309.7242
284.24270000000001
271.8519
292.75810000000001
312.13479999999998
294.24220000000003
300.13310000000001
321.92529999999999
277.17430000000002
264.8177
285.52359999999999
274.1198
271.04849999999999
268.06810000000002
272.20650000000001
266.6096
250.80959999999999
250.39959999999999
258.13010000000003
251.01169999999999
245.61349999999999
255.58709999999999
245.66669999999999
248.26419999999999
253.92500000000001
243.285
251.24459999999999
245.32230000000001
248.31870000000001
243.42330000000001
247.3931
243.79509999999999
244.82919999999999
244.3646
245.0034
243.25540000000001
242.58860000000001
244.92570000000001
243.6797
244.49010000000001
241.23419999999999
245.29910000000001
242.36680000000001
245.31399999999999
241.36879999999999
244.8081
243.30889999999999
245.57329999999999
243.42410000000001
245.19759999999999
241.55799999999999
245.31549999999999
242.10140000000001
244.30510000000001
246.21420000000001
243.28639999999999
243.42840000000001
243.53380000000001
243.8057
242.11179999999999
242.7167
243.53649999999999
243.7467
240.49789999999999
244.1156
240.9716
244.24180000000001
240.0966
242.1354
241.09389999999999
262.01220000000001
398.85719999999998
322.87389999999999
270.29129999999998
274.68400000000003
274.77319999999997
273.04809999999998
271.40589999999997
269.88740000000001
270.6234
272.2473
271.8184
271.31220000000002
270.27409999999998
271.34660000000002
270.84300000000002
271.09410000000003
273.75409999999999
272.60410000000002
254.797
193.11600000000001
201.4222
250.8219
239.8449
238.96850000000001
244.089
302.7672
315.16989999999998
333.14249999999998
354.13580000000002
379.76240000000001
383.93450000000001
308.92540000000002
305.20740000000001
308.02800000000002
308.34440000000001
306.90410000000003
307.75110000000001
306.39749999999998
306.62549999999999
306.62240000000003
308.32999999999998
307.37200000000001
306.21690000000001
304.41919999999999
306.22579999999999
305.7079
305.2355
225.6377
222.559
398.17700000000002
378.55919999999998
378.15550000000002
387.9785
406.8288
400.13060000000002
416.55540000000002
418.26080000000002
391.73880000000003
361.93349999999998
362.67180000000002
361.34190000000001
362.97340000000003
362.21269999999998
358.34089999999998
361.59500000000003
358.41820000000001
359.73110000000003
366.96260000000001
359.84969999999998
362.13229999999999
360.11369999999999
362.21260000000001
361.51920000000001
360.6198
360.04899999999998
359.54090000000002
361.10059999999999
382.53379999999999
498.4812
513.15179999999998
530.70529999999997
554.31920000000002
567.07320000000004
594.23689999999999
620.73130000000003
639.15959999999995
650.63480000000004
685.19579999999996
697.68269999999995
713.22050000000002
731.05730000000005
756.61360000000002
737.23429999999996
568.01469999999995
565.53639999999996
558.81610000000001
555.00199999999995
552.78869999999995
566.29060000000004
547.52599999999995
552.27670000000001
556.89319999999998
559.0607
556.92169999999999
552.83780000000002
551.87739999999997
553.0942
432.601
339.71089999999998
384.17250000000001
381.8544
376.93729999999999
374.4597
379.17500000000001
380.03039999999999
366.54910000000001
293.66899999999998
46.274569999999997
29.045269999999999
195.78319999999999
84.584540000000004
118.8201
103.76130000000001
111.6217
111.90000000000001
107.77249999999999
120.4721
114.79349999999999
114.7744
114.12690000000001
118.3725
102.7337
27.937830000000002
29.198029999999999
30.549880000000002
205.78870000000001
119.3908
116.6936
131.1044
129.89850000000001
121.9983
119.84
124.9999
133.51300000000001
136.44710000000001
133.18610000000001
131.25819999999999
105.4014
27.141680000000001
28.3309
33.906930000000003
225.3459
147.2998
138.6354
140.78739999999999
143.07990000000001
149.9091
145.07329999999999
153.7012
136.25139999999999
139.23660000000001
150.55369999999999
152.72579999999999
128.85470000000001
29.35126
27.66161
32.945300000000003
241.95869999999999
159.46709999999999
162.74199999999999
162.85900000000001
161.07919999999999
171.6782
161.2295
161.1472
183.26060000000001
177.53370000000001
177.1002
169.10730000000001
119.0354
26.845130000000001
24.979559999999999
68.068470000000005
265.39830000000001
191.0617
185.61500000000001
178.8015
171.05369999999999
177.5761
178.87280000000001
176.77000000000001
175.19200000000001
182.73599999999999
181.04079999999999
183.04990000000001
115.8442
26.451630000000002
25.29289
74.515209999999996
261.26280000000003
191.214
178.26240000000001
182.17580000000001
178.03989999999999
185.21170000000001
175.91569999999999
185.17420000000001
176.3229
179.691
186.76400000000001
181.57040000000001
117.2376
35.720959999999998
35.985259999999997
99.097449999999995
262.99990000000003
210.6277
189.50210000000001
190.20609999999999
203.12299999999999
186.35400000000001
188.5719
188.6138
187.55719999999999
183.79060000000001
189.50749999999999
195.9033
132.053
24.66255
28.246729999999999
98.350129999999993
269.38459999999998
212.13140000000001
199.20580000000001
204.44929999999999
204.64109999999999
205.40190000000001
208.02330000000001
205.05779999999999
204.78360000000001
203.0822
207.52539999999999
210.6464
107.8142
25.443380000000001
25.670179999999998
119.125
267.71339999999998
229.9179
213.5899
203.2278
207.46299999999999
204.92830000000001
206.32570000000001
197.3672
202.41419999999999
199.6591
195.25540000000001
207.04580000000001
101.86320000000001
26.345459999999999
25.593979999999998
123.2757
264.7799
233.71719999999999
213.5685
216.8348
216.60429999999999
206.89580000000001
220.41380000000001
216.08779999999999
211.5341
219.84620000000001
223.67599999999999
223.90950000000001
86.908230000000003
25.44258
25.23236
154.6251
256.35680000000002
226.6396
220.4922
207.2165
212.03100000000001
212.36099999999999
216.0001
215.25919999999999
206.14590000000001
210.03639999999999
209.81659999999999
214.1567
86.440799999999996
26.565909999999999
26.192270000000001
154.76689999999999
251.7474
233.03
213.45869999999999
228.11580000000001
219.17160000000001
227.5635
208.3587
200.64840000000001
201.0421
204.57560000000001
235.57040000000001
224.8563
212.80969999999999
437.90600000000001
361.61709999999999
353.12220000000002
355.25069999999999
362.70310000000001
360.08109999999999
363.15179999999998
337.88040000000001
324.33229999999998
328.82850000000002
338.08359999999999
340.12119999999999
304.32589999999999
187.0284
187.48589999999999
207.6917
379.78769999999997
331.14909999999998
322.13240000000002
320.46080000000001
323.06060000000002
314.11950000000002
315.84789999999998
317.48759999999999
311.20780000000002
320.52140000000003
319.05090000000001
318.94069999999999
262.9547
186.06829999999999
186.16030000000001
379.60759999999999
329.46190000000001
317.56999999999999
329.94420000000002
311.30700000000002
322.02600000000001
317.53179999999998
326.14850000000001
322.77300000000002
335.48970000000003
325.92259999999999
346.07830000000001
335.27010000000001
334.45089999999999
312.89109999999999
309.94929999999999
293.26179999999999
298.00700000000001
320.6574
337.20400000000001
306.22210000000001
323.97629999999998
311.04660000000001
310.23230000000001
298.89729999999997
285.3476
290.18900000000002
276.17489999999998
274.38080000000002
263.10770000000002
267.69400000000002
261.49720000000002
253.8449
256.44560000000001
258.67129999999997
251.74950000000001
250.27209999999999
252.50909999999999
253.1079
248.05439999999999
249.22730000000001
253.05520000000001
246.33459999999999
254.30619999999999
246.48419999999999
253.0598
249.22739999999999
249.07320000000001
247.33940000000001
245.70330000000001
244.65899999999999
247.6908
246.1833
247.5831
242.40209999999999
247.4402
244.78039999999999
247.5479
242.6867
247.357
244.26220000000001
246.68899999999999
244.7638
244.02619999999999
245.4684
245.12790000000001
245.33449999999999
243.71430000000001
245.08099999999999
246.80879999999999
247.4203
245.21029999999999
247.4802
242.49279999999999
246.48419999999999
245.6232
246.84729999999999
243.66130000000001
248.01050000000001
244.18190000000001
246.3417
244.84540000000001
242.94450000000001
243.35130000000001
244.74879999999999
244.71780000000001
243.4863
244.71559999999999
338.596
383.86070000000001
276.46749999999997
272.11419999999998
272.92309999999998
272.80149999999998
276.20080000000002
272.67140000000001
272.1019
277.07600000000002
273.69200000000001
273.77820000000003
273.50330000000002
272.76819999999998
271.23829999999998
272.08229999999998
272.45589999999999
271.59870000000001
270.69630000000001
227.1414
184.5556
227.96010000000001
245.08199999999999
240.92850000000001
242.6018
261.47879999999998
362.19529999999997
392.94170000000003
428.84870000000001
457.16460000000001
449.90140000000002
340.12310000000002
338.27260000000001
337.053
336.18060000000003
334.52969999999999
338.35969999999998
337.71440000000001
234.03229999999999
365.62220000000002
366.82619999999997
293.94330000000002
134.2253
56.971870000000003
216.60059999999999
118.22920000000001
117.7752
118.53060000000001
120.3348
117.84910000000001
123.179
120.9468
126.83
133.94909999999999
118.5397
127.1905
111.8368
27.07253
27.706679999999999
42.142850000000003
216.27809999999999
140.1737
132.39940000000001
135.66139999999999
150.9701
135.03569999999999
142.30199999999999
148.29490000000001
145.78309999999999
143.72200000000001
148.6035
131.03280000000001
112.1078
29.098749999999999
27.31446
79.402879999999996
219.86250000000001
151.94049999999999
145.8065
145.67019999999999
167.61000000000001
151.19890000000001
150.4323
151.71440000000001
157.8426
161.56270000000001
167.666
157.9547
107.8651
27.722660000000001
28.297460000000001
83.344380000000001
255.31880000000001
178.02869999999999
193.733
180.47280000000001
168.84219999999999
185.17349999999999
185.93960000000001
196.79179999999999
196.49369999999999
206.0684
186.35050000000001
184.4486
129.72730000000001
26.41405
25.505030000000001
105.6643
263.93049999999999
222.5797
204.1069
205.42699999999999
199.26820000000001
198.28210000000001
209.47579999999999
232.29259999999999
200.21799999999999
203.19470000000001
208.02670000000001
213.0617
114.27249999999999
25.93507
26.002700000000001
120.1738
272.98419999999999
225.70269999999999
204.0035
203.54300000000001
210.9316
218.31039999999999
207.3717
210.90110000000001
211.4444
197.97309999999999
201.584
200.9324
112.30410000000001
27.40146
27.250879999999999
130.5376
243.465
215.54689999999999
220.68690000000001
206.7227
208.46639999999999
205.2115
222.35560000000001
215.49299999999999
214.60159999999999
214.51519999999999
227.6866
220.4212
92.977230000000006
25.142749999999999
25.367049999999999
149.7157
296.59539999999998
244.81479999999999
229.4033
222.79079999999999
222.20590000000001
222.11189999999999
234.02359999999999
225.71180000000001
233.6121
222.6927
214.98099999999999
218.87360000000001
82.443979999999996
24.74954
25.303349999999998
167.36060000000001
253.98859999999999
235.33580000000001
229.19049999999999
236.66679999999999
229.8503
241.0119
237.16
227.6506
219.80080000000001
213.7226
226.45939999999999
79.708179999999999
24.847619999999999
26.462070000000001
168.0889
261.32420000000002
252.7508
233.96709999999999
231.6919
231.64830000000001
226.22630000000001
222.74879999999999
218.63939999999999
226.01050000000001
230.6747
223.7362
229.2878
69.008709999999994
26.043299999999999
26.993780000000001
202.04750000000001
261.14249999999998
233.8974
242.82859999999999
227.03440000000001
222.56270000000001
222.85659999999999
228.61170000000001
219.7259
228.35759999999999
225.9049
223.554
58.499560000000002
25.853750000000002
26.560199999999998
217.84970000000001
248.87280000000001
245.4075
233.97999999999999
236.35079999999999
237.09180000000001
234.6722
237.27869999999999
243.24760000000001
232.47239999999999
240.96000000000001
235.70760000000001
270.76459999999997
250.8451
409.96199999999999
386.13709999999998
367.0437
359.23669999999998
364.3159
367.7158
373.16219999999998
368.26920000000001
375.00369999999998
344.89640000000003
336.73989999999998
327.46699999999998
283.9649
185.0224
184.13460000000001
242.75980000000001
373.78359999999998
311.99689999999998
330.22840000000002
323.80349999999999
321.46969999999999
309.84690000000001
318.78250000000003
321.51350000000002
323.46890000000002
337.73899999999998
310.6626
312.60320000000002
271.29880000000003
184.8484
199.07730000000001
399.78879999999998
329.91660000000002
332.39150000000001
321.62549999999999
325.60129999999998
347.19760000000002
323.02850000000001
321.43579999999997
323.6268
336.28269999999998
313.44549999999998
368.40929999999997
350.23860000000002
327.49380000000002
317.3306
349.81479999999999
324.0181
314.94040000000001
314.23149999999998
287.89389999999997
281.48140000000001
293.97399999999999
280.71539999999999
270.64670000000001
280.55220000000003
280.96570000000003
270.63720000000001
267.45589999999999
267.06099999999998
272.19290000000001
265.9579
260.26119999999997
257.58980000000003
251.24549999999999
252.94399999999999
276.9975
260.3904
256.94069999999999
272.50580000000002
262.14409999999998
252.1028
280.03129999999999
253.0736
262.69260000000003
271.06950000000001
253.45740000000001
265.10700000000003
244.203
257.036
242.02520000000001
255.23320000000001
242.732
253.42609999999999
244.69800000000001
252.2921
245.06819999999999
250.25360000000001
246.67910000000001
247.3536
251.97020000000001
244.44550000000001
252.3963
244.73570000000001
254.5729
241.54570000000001
256.63400000000001
241.0504
254.8021
243.99459999999999
251.99270000000001
248.85429999999999
242.11600000000001
247.39359999999999
244.9539
247.16470000000001
252.64150000000001
245.62950000000001
252.0796
243.6413
256.14429999999999
239.7423
251.81880000000001
240.3203
252.72200000000001
241.12200000000001
249.8725
242.5813
332.2876
407.52530000000002
293.32040000000001
288.17399999999998
286.3981
287.81569999999999
283.67869999999999
290.63459999999998
283.80799999999999
283.82600000000002
285.72989999999999
285.79469999999998
284.85649999999998
282.02890000000002
284.65660000000003
281.22969999999998
284.25380000000001
280.25490000000002
288.48950000000002
248.7413
188.1208
213.5685
252.12880000000001
241.8039
245.39609999999999
257.6551
349.84960000000001
385.18259999999998
424.55439999999999
475.40870000000001
532.17690000000005
540.98659999999995
414.2423
399.5498
400.98349999999999
402.34370000000001
401.6934
399.8338
404.19729999999998
327.42829999999998
309.5822
362.52190000000002
295.09820000000002
92.95702
33.179729999999999
207.6756
116.51609999999999
132.51159999999999
126.7589
120.514
119.7052
125.3098
135.21350000000001
135.17920000000001
130.3295
122.3792
125.3181
96.10042
26.58653
28.786519999999999
38.221719999999998
233.34399999999999
138.5052
139.27869999999999
136.26480000000001
142.18340000000001
137.55619999999999
135.87710000000001
145.75839999999999
142.8014
138.88839999999999
139.7987
144.10919999999999
110.01390000000001
28.49804
27.97232
54.371049999999997
242.93049999999999
164.13329999999999
143.20689999999999
146.57320000000001
159.3502
162.05709999999999
151.91909999999999
165.6739
146.99510000000001
171.98609999999999
152.74469999999999
160.2919
116.9289
28.31231
27.23057
68.403300000000002
269.98590000000002
161.1173
179.80520000000001
164.3569
181.089
191.31290000000001
191.80090000000001
174.82990000000001
192.1985
194.47280000000001
201.9023
202.85679999999999
123.3369
26.121670000000002
24.543479999999999
73.550830000000005
288.55149999999998
214.84739999999999
199.44640000000001
185.64160000000001
202.059
196.8357
200.4333
186.59450000000001
184.19370000000001
209.73009999999999
204.54050000000001
110.28
25.305299999999999
26.977219999999999
80.004400000000004
281.76850000000002
227.15870000000001
198.99090000000001
195.1823
201.7347
212.24289999999999
208.5934
205.74889999999999
203.1397
205.06010000000001
207.68700000000001
205.33670000000001
106.6306
26.65503
27.165579999999999
105.7256
294.08569999999997
222.5429
223.94040000000001
210.1627
211.75129999999999
214.2492
220.4906
219.96789999999999
219.87270000000001
217.27869999999999
225.37639999999999
230.70400000000001
132.08770000000001
25.541530000000002
26.13316
137.72649999999999
300.98230000000001
232.9323
240.85579999999999
234.94280000000001
229.43369999999999
230.99610000000001
237.77520000000001
248.93549999999999
233.56899999999999
247.2544
232.9879
240.66300000000001
115.2657
25.975560000000002
25.85031
157.41399999999999
287.14879999999999
240.149
245.75540000000001
235.97890000000001
235.52180000000001
236.21610000000001
246.4513
250.83449999999999
236.63059999999999
235.70949999999999
231.1131
223.63800000000001
119.6305
24.991759999999999
26.27899
173.3741
272.98219999999998
246.69309999999999
253.91399999999999
235.21170000000001
231.21109999999999
227.33359999999999
242.85570000000001
231.17150000000001
245.71209999999999
235.59460000000001
245.82980000000001
256.64690000000002
86.722629999999995
27.472049999999999
26.199629999999999
187.8664
265.28699999999998
246.6609
238.1403
245.34039999999999
235.5943
238.20310000000001
229.3537
228.08879999999999
230.358
236.477
241.1395
237.2054
64.268100000000004
25.911950000000001
25.378050000000002
198.19540000000001
267.9144
246.41650000000001
242.9145
264.26670000000001
248.4162
248.08349999999999
233.42850000000001
231.17150000000001
244.5145
240.62289999999999
305.04259999999999
241.86850000000001
219.0489
452.6216
377.08629999999999
386.14769999999999
384.863
400.49990000000003
372.02280000000002
381.88029999999998
373.95740000000001
377.1465
358.02249999999998
334.60910000000001
336.48790000000002
299.50029999999998
182.38059999999999
183.46289999999999
209.18199999999999
383.98689999999999
340.08350000000002
344.565
343.76519999999999
338.38060000000002
320.77659999999997
328.71690000000001
319.93079999999998
330.7946
330.06999999999999
317.4796
262.54450000000003
182.46719999999999
189.87180000000001
408.6343
339.70170000000002
330.68459999999999
326.15780000000001
331.78809999999999
330.08870000000002
332.3098
320.02100000000002
342.28269999999998
340.95650000000001
326.63240000000002
312.846
316.31060000000002
324.18770000000001
313.4948
310.49029999999999
290.83960000000002
286.2217
283.81490000000002
280.95760000000001
286.01389999999998
283.03820000000002
291.10419999999999
304.12990000000002
299.44290000000001
297.56049999999999
296.05500000000001
270.75200000000001
271.9624
271.82249999999999
292.14640000000003
270.47300000000001
256.0342
264.423
298.98169999999999
266.24400000000003
263.52760000000001
294.1259
279.47250000000003
259.69760000000002
301.15190000000001
261.3947
278.65519999999998
290.24259999999998
261.4282
284.72179999999997
220.59569999999999
185.4408
205.71459999999999
290.7432
301.13459999999998
303.26010000000002
300.92500000000001
310.01859999999999
291.31920000000002
301.1721
326.88670000000002
308.12
310.93970000000002
303.17509999999999
315.76330000000002
307.5693
321.72699999999998
307.90120000000002
290.47820000000002
292.63959999999997
312.17309999999998
315.2697
343.69990000000001
308.66950000000003
283.95260000000002
266.82429999999999
273.66019999999997
273.63069999999999
270.94380000000001
273.15519999999998
271.86009999999999
289.91140000000001
278.2638
263.68360000000001
257.5403
277.1807
278.26569999999998
269.05709999999999
263.63029999999998
269.46949999999998
287.08780000000002
258.3263
254.56780000000001
261.52289999999999
249.5419
256.79610000000002
253.42310000000001
249.0402
254.99189999999999
247.43119999999999
253.15520000000001
244.62520000000001
249.82149999999999
244.07689999999999
248.3614
245.61259999999999
248.1353
245.37100000000001
247.30690000000001
244.7647
248.5307
246.11969999999999
245.84549999999999
246.50460000000001
243.59540000000001
250.31379999999999
243.59540000000001
248.54830000000001
244.4068
247.5001
243.37719999999999
247.9462
245.47579999999999
247.6669
243.92189999999999
247.3854
248.73230000000001
245.42080000000001
245.32300000000001
183.7978
131.26349999999999
171.81059999999999
152.87469999999999
147.89449999999999
141.18690000000001
144.21250000000001
155.39330000000001
151.4863
161.10980000000001
156.83969999999999
160.86070000000001
151.6311
164.44059999999999
72.645740000000004
26.641220000000001
26.510760000000001
165.15350000000001
187.44370000000001
163.04050000000001
158.24160000000001
161.0421
162.25219999999999
171.2801
154.60740000000001
150.27019999999999
163.65629999999999
170.30549999999999
167.65639999999999
159.85489999999999
68.715540000000004
26.674410000000002
25.59498
179.6764
180.5274
155.1302
169.77789999999999
158.86680000000001
157.7114
156.7079
156.38939999999999
163.6421
162.99119999999999
165.10769999999999
158.07320000000001
154.86580000000001
66.49315
28.812069999999999
27.669779999999999
191.11150000000001
181.7234
167.4016
179.0539
174.27799999999999
180.07599999999999
181.922
174.9385
176.53110000000001
184.56049999999999
176.9348
172.96170000000001
177.09989999999999
61.5867
29.414560000000002
26.585159999999998
211.65129999999999
198.73840000000001
201.27430000000001
199.7294
184.762
178.8664
187.47200000000001
206.80860000000001
200.76490000000001
199.2766
189.17259999999999
203.65539999999999
198.92500000000001
40.711320000000001
24.773319999999998
25.734380000000002
217.7518
221.76820000000001
209.80969999999999
211.9289
212.7321
202.00470000000001
201.43950000000001
201.84039999999999
197.63939999999999
208.26609999999999
207.6422
210.14070000000001
214.56049999999999
28.339980000000001
24.781110000000002
24.38064
246.21879999999999
222.488
225.2253
221.2166
216.4152
201.4974
190.99299999999999
208.45140000000001
219.71119999999999
201.63990000000001
213.96199999999999
211.59989999999999
210.8948
24.56015
26.717610000000001
25.821059999999999
253.60300000000001
227.90440000000001
202.1437
211.73169999999999
203.21209999999999
213.76140000000001
209.51480000000001
209.80199999999999
217.82679999999999
216.41759999999999
219.7927
217.36109999999999
195.87360000000001
24.96265
24.000589999999999
24.849070000000001
274.09320000000002
198.26159999999999
204.83359999999999
212.54050000000001
208.1463
214.4025
209.08860000000001
212.24610000000001
205.86600000000001
209.0752
202.4486
208.40960000000001
197.29689999999999
24.522449999999999
24.73882
384.4735
410.01479999999998
366.82080000000002
360.08699999999999
349.92880000000002
364.06049999999999
350.50349999999997
364.0394
369.72089999999997
350.68439999999998
339.79829999999998
328.41660000000002
335.73930000000001
223.12620000000001
186.66470000000001
306.05110000000002
339.66660000000002
332.11939999999998
341.5342
334.71730000000002
320.3297
331.73559999999998
318.8494
324.27940000000001
331.04689999999999
338.41649999999998
327.90469999999999
318.05119999999999
219.97139999999999
186.67869999999999
186.72049999999999
186.33920000000001
187.6557
363.44240000000002
334.61399999999998
335.03879999999998
333.5684
325.11619999999999
336.72320000000002
328.81549999999999
336.39260000000002
329.8254
344.57929999999999
329.69799999999998
327.99630000000002
323.05880000000002
331.98110000000003
323.99349999999998
315.74810000000002
291.94850000000002
304.7287
294.54199999999997
291.37909999999999
285.94060000000002
289.0437
290.75080000000003
288.2013
286.09039999999999
272.74040000000002
285.65320000000003
284.71769999999998
278.60390000000001
272.73160000000001
273.05399999999997
283.41399999999999
260.70760000000001
253.97980000000001
268.37610000000001
260.2688
251.7747
262.20069999999998
251.49719999999999
258.16739999999999
260.90699999999998
250.41810000000001
261.0206
253.3263
258.68040000000002
256.27159999999998
250.52959999999999
251.58359999999999
250.60149999999999
250.9451
250.5196
247.89359999999999
251.78749999999999
245.33799999999999
251.904
251.5693
245.48689999999999
251.55179999999999
246.28700000000001
249.2586
246.4597
247.2337
249.17920000000001
248.9008
246.87
248.0806
248.52869999999999
245.0026
250.7688
244.73920000000001
249.6183
245.9716
250.2526
245.42619999999999
248.22149999999999
246.3938
248.53569999999999
246.9579
247.35169999999999
247.61840000000001
246.86189999999999
247.68219999999999
243.9076
252.5899
394.32940000000002
354.8417
277.1078
281.89760000000001
279.49990000000003
280.26859999999999
278.44929999999999
284.42989999999998
278.20179999999999
278.66649999999998
279.11709999999999
282.85829999999999
280.56569999999999
276.6388
278.96269999999998
276.6626
279.47489999999999
278.66890000000001
284.14060000000001
209.99700000000001
187.33860000000001
244.07259999999999
250.45140000000001
245.83529999999999
136.66319999999999
195.20869999999999
440.35180000000003
363.13310000000001
377.19569999999999
402.90929999999997
360.75630000000001
330.99310000000003
330.82999999999998
332.94779999999997
331.6026
334.15260000000001
335.23320000000001
331.67059999999998
328.86270000000002
329.59230000000002
333.49509999999998
331.43029999999999
331.85520000000002
329.41500000000002
328.3888
329.23259999999999
331.7987
332.50119999999998
328.3732
331.02519999999998
330.2133
340.48809999999997
332.64370000000002
299.74740000000003
295.35309999999998
384.01369999999997
495.39609999999999
450.61250000000001
468.83940000000001
464.45569999999998
375.5865
373.08080000000001
377.9006
373.54450000000003
370.54289999999997
373.70870000000002
375.61320000000001
370.18740000000003
372.46379999999999
368.9092
369.55790000000002
368.62329999999997
369.35419999999999
369.00630000000001
368.39870000000002
369.68650000000002
367.82780000000002
373.14789999999999
383.82940000000002
582.40779999999995
619.71529999999996
696.58669999999995
725.89369999999997
757.19759999999997
814.66819999999996
827.66470000000004
884.25450000000001
904.25900000000001
601.69529999999997
584.96510000000001
592.79309999999998
582.76419999999996
581.9579
581.01179999999999
578.54349999999999
583.93780000000004
573.00030000000004
577.55380000000002
565.49180000000001
583.43409999999994
574.93799999999999
568.21310000000005
560.64649999999995
579.64729999999997
564.43780000000004
560.45299999999997
561.94150000000002
564.36959999999999
556.09280000000001
554.67439999999999
560.10220000000004
554.19150000000002
545.61739999999998
554.71299999999997
564.63319999999999
556.65869999999995
553.37480000000005
549.33169999999996
576.83280000000002
628.39620000000002
636.22829999999999
631.64409999999998
651.56479999999999
639.29049999999995
644.30110000000002
672.47339999999997
663.48450000000003
666.01969999999994
684.66719999999998
674.93119999999999
682.59529999999995
688.86400000000003
698.07659999999998
705.06880000000001
705.75689999999997
711.38890000000004
736.58420000000001
728.05790000000002
738.49689999999998
739.55840000000001
766.10260000000005
755.96990000000005
758.92859999999996
768.73220000000003
781.21230000000003
780.37519999999995
784.30809999999997
796.49990000000003
821.11040000000003
805.56719999999996
810.23739999999998
838.02380000000005
829.31569999999999
836.7296
834.9502
788.11929999999995
726.94640000000004
738.35519999999997
756.08370000000002
731.34529999999995
731.12710000000004
735.13049999999998
729.02179999999998
733.23299999999995
728.84969999999998
731.99260000000004
722.34559999999999
745.61450000000002
745.03279999999995
729.68920000000003
721.11379999999997
744.91520000000003
719.70699999999999
717.90999999999997
718.92020000000002
727.01509999999996
716.05399999999997
735.57069999999999
716.29679999999996
717.90139999999997
714.50229999999999
734.44669999999996
712.70140000000004
718.71870000000001
714.54449999999997
720.40729999999996
711.04470000000003
709.05309999999997
712.72320000000002
723.16690000000006
705.79639999999995
705.91769999999997
720.29549999999995
711.63879999999995
705.87270000000001
703.9316
707.24680000000001
709.91909999999996
707.53340000000003
713.30240000000003
702.12570000000005
726.43230000000005
706.24659999999994
703.10820000000001
703.35910000000001
720.77279999999996
699.82929999999999
709.99630000000002
699.66920000000005
704.68489999999997
698.16489999999999
704.03319999999997
701.34799999999996
716.64369999999997
698.53809999999999
700.74900000000002
702.56700000000001
711.1454
699.11149999999998
697.27800000000002
703.77089999999998
699.71010000000001
697.06349999999998
691.47940000000006
703.96619999999996
695.68920000000003
698.85109999999997
710.4579
693.95979999999997
694.31960000000004
697.2826
709.96820000000002
697.57330000000002
692.92489999999998
700.07659999999998
698.29409999999996
689.30520000000001
698.24239999999998
694.36389999999994
689.34119999999996
697.55960000000005
687.58159999999998
706.20309999999995
689.59439999999995
688.35419999999999
686.85599999999999
708.20050000000003
688.18100000000004
691.09690000000001
689.40409999999997
709.07979999999998
683.7885
687.71439999999996
694.25729999999999
692.03369999999995
686.30319999999995
689.24990000000003
692.89710000000002
690.13840000000005
692.24030000000005
684.7088
686.49720000000002
687.33979999999997
688.79359999999997
696.68510000000003
682.12289999999996
683.2758
694.84299999999996
686.71130000000005
688.85310000000004
681.13400000000001
681.89570000000003
686.52710000000002
684.33860000000004
680.58399999999995
686.69510000000002
680.8211
685.98119999999994
693.44719999999995
693.03449999999998
681.63160000000005
678.68290000000002
684.75350000000003
689.78880000000004
683.4701
681.51199999999994
681.08479999999997
682.69359999999995
697.81650000000002
679.04160000000002
679.71669999999995
685.29690000000005
678.13720000000001
693.66420000000005
680.31989999999996
682.41010000000006
680.63049999999998
687.58010000000002
679.07140000000004
678.08929999999998
687.35389999999995
680.59860000000003
670.97559999999999
674.61609999999996
683.76099999999997
678.49599999999998
681.09749999999997
673.7355
684.85260000000005
673.49400000000003
678.59460000000001
674.96619999999996
688.96969999999999
674.05600000000004
673.21029999999996
681.79539999999997
690.08159999999998
674.09439999999995
672.22630000000004
686.75469999999996
677.03710000000001
675.19849999999997
676.8931
677.8152
675.08199999999999
679.09249999999997
673.79669999999999
689.80399999999997
672.90539999999999
674.54999999999995
670.07839999999999
669.91669999999999
672.38229999999999
677.9873
671.97889999999995
676.19169999999997
668.47349999999994
682.87879999999996
674.05100000000004
673.59939999999995
674.27959999999996
691.74390000000005
678.83090000000004
676.58399999999995
673.75490000000002
670.00379999999996
684.14729999999997
670.4991
670.56719999999996
667.36220000000003
683.11400000000003
670.34119999999996
663.10969999999998
670.46360000000004
668.83339999999998
681.59839999999997
671.20569999999998
671.75710000000004
671.16459999999995
667.23490000000004
675.01149999999996
681.43420000000003
673.3732
445.07100000000003
500.25689999999997
401.44409999999999
374.71420000000001
377.28199999999998
370.90879999999999
371.8929
379.41550000000001
366.56130000000002
366.20069999999998
361.19049999999999
358.56529999999998
365.86169999999998
263.80779999999999
73.436300000000003
27.365919999999999
18.576129999999999
19.169689999999999
19.510100000000001
19.741099999999999
18.868040000000001
18.00328
18.539639999999999
18.244959999999999
18.19502
19.67923
19.046330000000001
18.227609999999999
19.636399999999998
18.537469999999999
19.442789999999999
19.535740000000001
19.54552
18.791530000000002
18.351929999999999
18.799299999999999
18.514299999999999
18.096340000000001
18.288
18.45889
19.750340000000001
19.01315
18.938669999999998
18.174959999999999
18.918859999999999
