16.896
17.114
16.791
16.844
16.718
40.308
40.417
39.555
38.366
38.966
37.442
37.195
42.351
18.780
18.230
18.917
18.636
18.895
105.810
57.755
40.116
39.358
218.099
112.847
106.871
97.151
112.079
102.503
96.909
96.770
38.089
177.832
102.228
101.839
109.244
94.117
106.530
108.275
95.124
107.225
107.671
109.202
110.595
46.238
35.278
35.288
168.496
150.520
120.968
123.345
115.233
109.998
112.388
122.254
110.113
107.179
120.610
116.022
40.041
34.829
33.514
199.204
111.754
111.930
130.089
123.512
118.444
137.485
135.292
116.529
136.542
135.269
124.715
158.196
37.983
33.625
138.927
153.303
137.108
128.359
141.701
150.269
129.502
144.506
159.644
141.577
141.966
165.159
39.055
32.701
249.388
128.082
165.253
187.385
143.176
131.443
218.957
157.831
122.554
183.744
175.208
142.785
159.745
33.204
32.311
33.012
126.873
198.265
195.435
147.688
170.495
193.441
172.537
154.680
192.311
176.592
157.114
32.516
32.850
31.443
277.442
194.034
170.583
184.868
193.275
193.775
170.813
208.029
188.524
163.824
31.538
321.528
177.313
207.278
212.986
200.788
195.821
203.897
216.541
202.804
203.915
212.875
170.857
31.784
31.207
33.138
325.613
220.583
216.656
229.615
213.374
237.517
234.462
220.918
229.341
238.168
243.151
249.484
204.389
32.208
32.378
33.763
347.309
249.916
262.679
255.546
249.394
270.921
249.984
254.857
259.933
251.662
263.969
271.238
228.503
31.456
230.793
305.339
286.267
259.348
267.562
277.612
288.590
260.242
278.431
262.305
285.274
269.626
70.900
28.631
28.506
234.705
322.397
284.561
275.511
268.141
279.387
278.085
272.185
274.230
275.429
287.739
297.598
287.728
29.056
29.109
237.886
324.758
299.254
275.193
261.646
282.478
275.944
297.184
280.363
296.767
295.296
299.539
287.154
85.516
28.888
29.080
267.214
303.271
295.698
276.843
297.171
276.321
291.660
278.957
277.150
291.258
287.952
286.865
286.935
61.018
28.462
28.796
277.659
305.437
283.940
289.184
286.300
300.052
276.621
285.764
297.343
294.214
289.414
290.065
293.189
60.163
31.557
30.821
305.270
311.401
322.307
306.920
323.195
300.867
303.430
307.738
303.605
309.394
297.832
305.721
301.708
29.100
28.476
27.634
336.601
321.995
305.751
311.678
303.393
321.588
316.989
306.798
309.702
304.369
309.793
349.643
326.451
28.989
28.285
28.940
370.870
330.583
314.929
317.781
307.151
318.165
319.165
311.129
301.146
301.187
305.440
321.055
290.246
28.402
28.510
28.496
374.943
318.049
319.121
311.432
311.754
311.424
310.942
305.667
308.260
300.821
317.738
261.864
27.964
28.375
29.418
381.201
321.815
313.118
322.134
310.393
226.659
28.274
277.977
318.206
298.016
308.409
310.383
298.878
292.542
303.685
308.772
293.185
281.449
310.000
316.874
48.805
28.870
28.782
296.252
306.942
319.058
304.385
285.192
324.709
296.864
300.034
302.492
317.766
288.883
284.459
28.175
28.574
28.382
308.205
315.934
333.927
297.827
296.735
285.602
307.580
308.414
294.289
302.740
293.602
309.640
29.849
28.479
28.371
323.271
304.588
308.363
312.259
295.101
296.714
298.401
299.455
294.267
298.567
294.260
308.756
294.596
28.804
28.518
29.197
348.109
302.099
310.173
294.107
324.075
309.964
308.626
305.070
296.773
306.932
296.470
294.054
278.997
28.212
28.395
29.059
357.911
306.648
311.970
312.814
303.526
294.410
312.648
323.244
301.358
298.409
290.529
298.931
262.492
28.010
28.894
32.428
363.837
303.182
299.127
311.160
302.341
302.697
319.623
309.590
305.368
323.339
318.110
304.683
248.948
27.979
28.223
35.227
389.059
324.036
324.816
321.823
302.163
304.181
296.026
298.298
315.714
308.202
301.739
307.773
244.325
27.640
28.247
51.221
394.724
308.205
317.031
320.803
304.582
324.498
319.608
315.647
296.040
311.442
331.796
297.647
194.344
27.848
27.965
61.692
392.454
288.404
313.850
310.245
302.021
312.204
296.874
304.043
295.591
298.469
295.340
306.163
193.240
28.340
28.098
80.107
384.121
289.314
296.486
321.050
302.083
316.544
308.231
316.067
289.730
303.957
312.925
325.307
189.483
28.004
29.018
88.167
405.181
308.682
314.768
309.271
313.862
321.414
324.732
308.727
327.182
333.291
322.504
323.643
213.976
28.129
28.600
84.382
393.267
305.847
307.540
312.966
320.586
311.894
295.921
289.343
302.084
309.031
302.966
301.723
180.129
28.159
27.566
92.544
395.739
325.462
310.395
306.681
313.927
312.335
289.216
292.396
305.367
307.419
295.232
150.140
27.704
28.303
145.132
369.058
305.055
309.014
296.800
302.596
298.997
302.665
301.563
350.264
307.542
290.100
280.207
166.107
28.006
114.240
380.747
313.285
305.391
315.424
312.039
288.844
298.339
305.866
304.431
308.271
308.162
313.043
159.865
28.525
27.731
106.825
385.267
327.926
310.003
326.031
310.917
313.732
298.854
305.720
310.892
293.773
295.564
188.243
28.240
27.887
83.377
369.133
309.867
310.634
318.851
297.991
323.440
319.704
327.370
314.219
316.924
316.995
332.791
191.605
28.169
28.082
75.946
395.985
291.162
323.229
337.243
302.812
311.883
297.887
300.727
314.614
303.985
301.976
214.278
28.099
28.340
52.889
386.808
310.392
312.960
305.887
306.291
325.097
307.268
315.292
299.870
310.501
200.137
27.832
28.159
45.691
384.962
290.421
319.833
310.357
314.646
299.084
297.573
291.293
301.207
307.431
297.630
306.044
219.858
28.013
27.369
34.156
377.151
299.114
321.804
299.725
313.647
313.214
302.016
308.109
311.727
306.873
311.108
297.014
240.740
28.760
28.423
31.584
358.578
307.204
311.018
319.072
327.266
298.623
187.021
432.687
457.361
450.272
441.281
447.381
457.946
475.773
444.599
439.695
455.406
455.136
395.959
187.681
185.289
185.594
457.615
403.864
410.342
409.847
392.144
398.759
428.661
396.941
395.272
396.082
395.024
392.908
358.854
185.929
186.531
186.305
235.226
190.239
485.183
417.779
410.578
391.920
408.014
404.141
406.137
395.610
411.122
406.289
401.533
409.484
387.732
378.579
383.098
348.966
346.496
370.089
333.463
323.933
315.660
337.862
324.279
319.051
300.178
285.625
287.412
294.109
290.133
292.973
270.713
259.600
261.572
283.620
267.196
256.621
271.689
274.604
257.502
275.715
266.027
256.807
283.271
279.744
256.246
259.735
203.957
114.061
174.141
272.339
254.719
256.204
256.345
256.083
261.064
254.759
260.170
253.115
260.016
251.526
260.628
249.324
262.188
261.373
254.221
259.381
252.743
257.748
257.163
258.693
256.460
256.240
259.220
252.895
258.743
250.976
259.351
251.228
257.208
248.866
262.278
249.394
259.279
253.033
258.963
253.594
479.125
437.563
308.827
300.747
302.275
302.892
301.476
299.548
299.460
301.025
296.627
298.416
300.596
297.883
297.212
297.411
294.825
295.812
295.911
240.451
183.245
213.926
255.899
254.830
244.189
261.940
349.910
369.234
393.556
422.459
457.039
475.683
359.949
359.928
360.728
359.971
364.192
361.983
363.093
359.639
362.231
359.394
359.684
356.782
355.257
349.825
298.221
314.160
540.455
463.128
455.534
459.594
457.501
459.452
481.480
491.404
435.690
393.657
402.642
396.121
395.618
399.178
396.882
393.806
392.757
392.494
388.658
390.006
385.779
387.808
393.737
387.645
383.249
385.908
384.345
380.811
444.556
599.493
595.933
644.136
658.326
734.247
742.788
774.255
796.509
820.096
850.834
868.822
906.934
849.686
612.694
606.992
608.765
617.279
614.432
608.549
614.731
603.915
607.231
601.021
600.957
595.607
590.845
602.440
596.177
592.341
588.106
592.484
596.247
591.026
589.670
592.618
587.154
589.361
586.165
393.914
384.420
389.302
399.716
390.721
385.108
384.201
393.057
378.897
378.513
366.305
266.819
30.081
196.147
106.368
135.168
122.084
120.653
114.640
125.317
124.191
125.687
124.695
122.249
44.053
30.864
30.554
206.870
131.952
145.688
142.510
141.727
129.209
147.407
148.452
146.433
157.842
151.947
139.525
41.975
30.093
29.782
224.899
142.843
163.177
145.681
153.775
154.829
149.851
153.358
165.743
165.387
155.605
159.827
163.105
30.899
29.984
228.507
171.703
191.834
167.642
172.078
167.296
181.518
204.503
165.208
183.361
180.256
186.455
180.408
30.727
30.720
30.666
271.335
172.109
192.926
191.416
191.195
194.318
192.578
208.751
193.308
204.247
202.170
200.379
31.435
30.741
31.201
295.798
203.334
204.743
223.274
226.055
216.117
220.390
230.818
214.587
216.235
226.857
222.356
203.296
30.875
29.809
31.093
323.299
219.821
232.518
247.419
242.638
231.176
242.451
243.565
256.620
253.668
251.493
246.784
224.118
30.702
30.395
32.436
359.662
276.266
264.654
254.345
261.527
252.064
252.322
256.659
285.644
260.387
265.836
267.527
216.744
27.800
28.133
40.388
377.898
266.723
284.552
268.968
283.611
274.945
268.404
281.298
264.636
295.749
266.956
271.216
224.754
39.656
54.251
382.825
270.069
289.672
306.642
277.887
269.913
304.238
295.851
290.908
293.632
280.175
281.467
228.171
27.890
27.714
64.992
390.446
298.258
297.478
304.255
277.541
288.575
296.288
298.135
296.789
288.334
304.751
300.012
182.596
28.454
28.138
73.952
408.341
303.687
320.537
289.321
317.910
304.912
302.710
297.400
308.300
292.989
306.991
276.234
176.885
27.672
27.552
94.006
394.840
301.986
291.976
295.683
297.121
304.946
296.701
292.649
296.930
278.614
296.251
153.058
26.788
26.610
117.250
488.790
407.683
429.622
437.785
437.603
434.912
454.428
460.806
412.310
419.536
409.894
400.384
331.560
189.016
186.752
198.812
470.889
392.710
392.245
403.460
417.301
376.728
397.451
391.325
389.377
386.344
396.259
391.732
341.975
185.843
186.076
184.818
447.592
407.078
389.503
402.322
412.363
402.851
408.646
404.022
397.847
412.774
406.748
412.470
404.580
372.703
367.870
371.553
347.006
350.672
343.821
336.643
322.033
331.845
315.892
326.144
305.839
289.421
285.542
281.570
276.321
272.787
261.663
261.668
267.438
264.807
256.348
260.636
264.547
254.344
261.969
261.505
253.592
254.082
259.911
257.073
255.236
252.732
253.793
254.625
253.588
253.480
252.026
253.139
250.494
252.883
248.702
252.311
249.919
253.474
251.815
253.430
253.214
252.036
253.616
253.660
252.499
250.763
253.343
250.711
252.800
253.343
254.508
251.647
254.742
251.237
253.887
250.275
253.287
253.202
253.633
251.652
253.291
259.491
488.903
403.729
288.433
283.498
290.668
287.940
289.882
290.536
286.332
290.375
286.224
290.678
285.903
287.296
287.842
288.578
291.292
290.175
198.447
184.820
244.228
254.230
246.670
250.574
353.840
403.407
445.624
490.548
551.490
599.783
447.404
365.490
368.025
372.052
368.326
364.829
365.995
366.205
372.447
367.870
366.271
363.444
360.421
361.241
368.323
360.295
363.393
360.359
362.223
252.566
379.038
371.780
353.443
241.255
87.350
62.570
233.857
172.897
153.303
151.904
149.261
161.704
154.794
156.750
164.328
159.953
164.972
168.965
122.424
30.417
29.630
49.683
277.225
176.120
177.073
168.936
202.963
184.070
177.594
181.657
194.560
191.528
188.892
139.218
30.345
30.410
69.931
302.581
196.132
183.525
184.225
193.181
209.637
183.838
198.807
210.016
195.667
212.277
209.537
123.133
29.985
30.529
80.629
327.661
211.568
217.971
228.086
224.886
216.594
220.023
222.064
231.114
235.257
125.037
30.412
30.536
99.353
336.108
249.779
240.122
256.450
246.871
264.258
243.196
248.553
257.199
250.945
249.279
266.468
134.328
30.396
30.772
103.867
360.649
283.926
265.925
273.377
262.795
270.330
266.347
288.404
268.819
269.459
275.155
277.296
131.484
27.630
28.184
161.797
371.803
319.901
277.339
291.838
289.928
281.702
289.101
299.228
284.080
301.773
125.499
28.763
30.217
175.605
355.764
296.042
297.531
278.392
305.295
300.887
299.617
299.628
288.532
295.707
317.483
295.295
114.639
28.651
28.290
205.122
379.286
318.901
310.057
315.711
310.438
319.455
316.838
324.604
319.318
296.342
298.438
313.854
122.112
27.557
28.432
222.025
362.993
309.555
327.100
307.382
301.449
313.284
337.774
319.799
310.052
319.717
313.310
298.389
94.680
27.791
27.547
248.756
349.252
317.553
299.054
314.702
319.616
295.786
322.232
312.061
312.454
313.921
315.057
83.574
27.648
27.520
265.442
346.707
311.956
300.714
294.479
319.951
309.343
331.806
306.256
306.160
302.189
414.295
469.771
468.201
452.826
455.623
458.368
458.368
437.184
428.728
436.751
403.791
392.369
398.922
208.967
188.924
189.518
393.173
419.167
410.038
398.027
390.476
403.104
399.162
373.571
400.846
393.382
390.185
385.713
195.844
188.925
486.585
416.720
409.171
407.942
411.700
404.054
424.753
411.870
408.470
415.229
408.755
407.481
404.793
408.628
378.620
374.019
361.135
336.203
340.326
376.241
344.023
332.748
317.447
306.320
306.123
307.441
282.627
281.114
267.988
262.403
259.530
262.598
260.304
256.183
260.954
265.455
259.072
259.805
262.404
257.556
261.235
261.865
259.657
256.215
257.244
252.030
254.303
254.234
253.666
253.400
255.732
252.711
254.794
253.016
252.797
252.381
253.273
252.724
254.619
255.120
251.798
252.379
251.988
255.752
249.879
251.993
254.544
251.413
253.582
252.000
253.953
251.799
252.675
251.088
251.293
255.165
252.201
254.791
252.336
254.814
250.292
416.021
461.628
299.621
281.716
287.368
285.418
284.911
285.515
284.748
285.807
285.235
285.856
286.193
284.362
284.844
285.501
284.759
285.589
289.633
234.582
187.316
223.858
255.616
246.639
245.844
296.595
404.844
428.633
468.684
521.421
567.909
513.386
365.690
361.160
358.276
361.834
359.974
357.656
358.643
358.430
358.743
359.124
354.900
359.918
353.107
353.063
352.837
352.399
349.720
253.715
368.484
366.012
362.468
263.541
108.888
95.710
240.940
170.307
171.617
161.796
164.416
170.798
162.502
152.537
158.856
166.647
186.432
150.619
98.642
27.848
27.909
102.335
241.247
188.094
171.620
180.515
173.939
174.335
165.298
173.928
186.292
185.552
171.512
28.942
30.046
124.904
221.246
193.072
170.051
164.450
184.754
184.560
188.852
175.176
180.920
180.225
172.891
188.744
82.177
29.754
29.814
136.545
252.296
201.133
196.021
182.668
201.774
198.953
204.223
205.157
206.105
205.037
200.962
84.276
30.349
29.989
161.733
245.195
241.242
216.513
207.285
222.714
231.546
223.553
217.065
218.876
221.041
248.837
79.925
30.505
30.416
180.496
285.692
258.909
224.049
238.487
236.774
251.945
239.434
235.304
244.111
243.469
264.757
278.576
72.751
30.157
29.412
211.404
298.993
296.497
256.417
263.450
258.775
263.783
263.563
273.276
264.642
274.202
286.730
65.085
29.515
29.653
234.905
325.530
287.247
284.556
294.463
296.955
305.817
294.071
305.982
319.332
316.013
56.390
27.805
27.623
261.287
350.345
305.899
314.353
304.074
309.497
331.348
296.182
307.648
319.849
301.665
292.688
58.162
28.151
28.087
262.845
342.334
311.798
316.095
307.402
296.613
293.120
296.899
302.841
292.948
322.265
302.251
301.384
38.337
27.647
27.651
302.690
334.789
302.033
296.249
296.538
294.462
299.935
318.661
286.873
290.471
305.961
294.817
264.077
495.985
444.684
445.189
421.801
428.299
445.961
400.762
417.796
400.632
399.387
394.459
287.588
187.953
187.453
279.199
439.808
395.618
395.408
390.738
373.752
406.165
395.563
396.352
383.980
390.563
405.325
385.079
263.666
186.829
188.135
188.681
188.792
462.919
387.022
400.950
401.073
402.598
391.905
397.154
395.898
407.104
399.520
413.936
411.936
400.627
394.238
374.360
384.956
362.024
364.131
365.675
344.539
355.866
339.192
335.220
331.206
313.620
317.032
295.365
299.846
289.287
295.961
277.872
262.320
265.506
279.035
265.727
270.275
256.108
275.817
255.037
266.280
263.498
260.027
256.582
256.306
140.480
100.198
261.029
258.865
257.680
249.764
257.359
249.626
258.171
248.464
256.308
248.823
255.812
252.238
253.407
253.698
256.397
255.504
252.340
258.147
257.181
252.944
256.414
250.724
256.780
249.291
256.943
250.632
256.222
249.661
257.069
254.070
254.400
251.999
254.760
251.872
362.659
328.500
290.083
293.762
292.348
293.091
293.224
291.268
291.432
290.356
292.502
294.298
292.432
289.500
292.707
292.200
291.603
267.525
191.330
197.795
263.093
244.867
195.940
207.019
334.135
415.947
447.534
472.757
353.490
350.515
350.296
351.377
345.719
351.797
346.578
347.341
352.439
349.130
345.595
347.557
341.674
350.082
342.476
348.926
348.717
344.215
346.300
341.659
344.691
357.369
483.641
500.324
517.145
543.422
486.954
384.814
393.476
385.500
385.821
381.460
391.569
385.822
384.214
382.534
380.770
384.474
381.044
386.271
383.154
533.759
692.627
737.725
778.560
842.233
882.149
918.720
965.354
1070.675
1129.997
900.037
538.787
544.961
698.953
659.120
654.149
652.008
645.555
638.117
641.810
642.645
624.640
620.567
613.646
610.256
604.336
598.429
591.218
590.367
593.969
584.667
581.676
585.650
583.327
585.854
581.072
580.052
576.875
580.115
580.850
584.523
679.628
744.860
748.802
764.385
768.207
800.946
797.905
811.454
819.481
835.264
863.564
881.561
895.196
916.374
938.869
969.308
976.122
991.500
997.908
1026.855
1059.625
1105.439
1101.537
1078.335
1079.230
1093.487
1072.886
1049.719
1058.074
1056.664
1056.057
1067.017
1091.930
1062.000
1054.064
1051.322
1047.761
1049.994
1079.642
1053.792
1051.129
1057.613
1054.186
1035.708
1024.743
1029.950
1026.678
1034.382
1016.371
1022.117
1007.624
1006.674
1020.942
1003.290
1002.604
994.175
995.081
1021.363
1018.530
1048.591
1049.420
1043.514
998.608
1029.773
1016.296
1048.378
1022.656
1034.598
1041.544
1023.169
1022.453
1025.736
1039.396
1031.150
1033.985
1041.971
1044.131
1014.907
1023.620
1058.720
1028.517
1044.678
1038.431
1043.097
1038.073
1024.387
1043.464
1040.253
1046.437
1041.555
1074.887
1056.968
1077.000
1054.359
1042.298
1053.458
1047.367
1065.543
1049.625
1044.679
1050.362
1046.294
1037.684
1037.876
1038.650
1040.551
1035.018
1042.005
1056.974
1047.338
1041.911
1022.907
1047.408
1064.642
1045.720
1052.289
1036.400
1038.536
1028.576
1044.071
1043.221
1033.514
1029.715
1077.536
1041.283
1062.849
1048.647
1042.109
1031.439
1040.209
1055.859
1021.913
1044.780
1046.640
1028.767
1054.894
1020.080
1025.121
1044.221
1053.271
1053.281
1043.845
1038.905
1040.777
1065.537
1053.275
1032.274
1029.388
1034.668
1027.796
1011.382
1014.531
1021.063
1045.954
1040.565
1054.166
1045.727
1020.852
1023.405
1057.789
1024.231
1016.198
1029.672
1019.946
1004.350
1012.969
1013.426
1022.446
1030.320
1020.197
1019.497
1020.570
1015.570
1016.711
1040.384
1023.666
1012.888
1019.253
1018.389
1018.752
1020.776
1004.741
1037.266
1065.296
1031.739
1040.902
1023.264
1028.104
1022.800
1025.111
1002.907
1020.072
1003.079
1020.947
1000.071
1051.317
1016.757
1027.828
1036.266
1031.232
1038.472
1049.466
1029.418
1043.344
1009.696
1053.058
1030.707
1016.776
1022.056
1031.550
1007.878
1032.296
1004.491
1010.853
1024.577
1050.589
1034.527
1041.615
1042.606
1014.395
1011.280
1047.375
1029.054
1058.120
999.687
1010.639
1021.368
1023.647
1020.861
1033.071
1019.562
1009.788
1027.114
1027.289
1009.689
1021.346
1023.986
1048.387
1011.435
1033.239
995.652
1000.829
1016.210
1014.702
1005.934
1054.203
1027.600
1032.455
1015.004
1014.820
1018.665
1033.175
1005.350
1010.172
1018.037
1015.798
1008.776
1028.473
989.535
1006.162
1021.630
1061.330
1018.313
1017.219
1022.326
1028.158
985.499
1008.994
1022.408
1000.481
1000.865
1006.275
995.475
1017.264
1018.722
1014.912
1015.994
1028.420
996.129
1002.854
998.192
1029.501
1017.464
997.891
1017.416
988.500
1000.532
1014.763
1016.902
1006.448
1022.632
1038.996
1010.239
1007.230
1018.982
992.439
1039.079
1022.490
1007.990
1016.744
994.174
1001.684
1011.719
993.769
1035.525
1032.281
432.322
505.485
376.365
373.634
372.416
375.827
370.548
368.485
377.391
367.275
367.603
362.401
360.458
363.242
355.134
