15.21064
117.34010000000001
187.44800000000001
188.67140000000001
188.79640000000001
188.5556
188.1729
186.54650000000001
187.7072
187.9599
186.84829999999999
162.67259999999999
62.806170000000002
66.664410000000004
40.921010000000003
178.24860000000001
50.720619999999997
36.439520000000002
34.876179999999998
36.297809999999998
35.618360000000003
33.636699999999998
33.445880000000002
32.878509999999999
34.382840000000002
34.874400000000001
26.718769999999999
16.640699999999999
17.183689999999999
18.456520000000001
18.04618
89.72157
59.55424
53.605510000000002
37.951300000000003
36.283099999999997
189.13749999999999
83.296549999999996
82.622749999999996
84.656310000000005
83.410359999999997
84.322990000000004
84.471890000000002
80.053160000000005
39.170360000000002
106.9084
111.764
90.821879999999993
86.214489999999998
89.127399999999994
89.002939999999995
87.931129999999996
89.411850000000001
87.921469999999999
91.845339999999993
91.356870000000001
92.517430000000004
90.419550000000001
53.532919999999997
31.608059999999998
31.504180000000002
117.41079999999999
105.5776
103.7598
95.205770000000001
103.7392
98.392859999999999
97.806209999999993
111.11790000000001
101.7217
103.8338
102.31180000000001
117.17140000000001
106.449
57.407060000000001
31.077870000000001
31.232880000000002
123.2257
125.116
111.8203
116.3685
123.7423
116.4599
115.1163
130.11760000000001
114.7486
122.3669
119.5355
133.90270000000001
133.40700000000001
60.046570000000003
30.70599
30.941980000000001
174.93049999999999
130.00800000000001
137.14439999999999
152.50470000000001
132.49090000000001
133.2158
133.18520000000001
143.2277
146
146.7021
144.86410000000001
140.90100000000001
157.94380000000001
58.426259999999999
29.49897
27.259899999999998
152.14609999999999
157.25409999999999
160.6764
156.07320000000001
158.1987
161.55840000000001
161.3477
154.9007
159.02619999999999
153.08609999999999
148.7165
151.75219999999999
157.00470000000001
69.789919999999995
27.567530000000001
27.13824
144.3818
168.9171
169.74809999999999
169.94640000000001
153.81139999999999
182.32560000000001
153.44479999999999
154.36420000000001
190.7045
154.27289999999999
172.4821
155.0061
165.49299999999999
83.036019999999994
28.29278
29.418199999999999
132.63069999999999
198.52260000000001
182.6311
195.77610000000001
175.70820000000001
191.63589999999999
179.60339999999999
176.99199999999999
183.5752
195.26679999999999
186.89169999999999
203.43299999999999
206.65350000000001
95.564109999999999
28.060500000000001
27.306190000000001
195.7072
220.1814
230.9384
217.3657
188.5275
266.96190000000001
217.4581
195.42660000000001
221.2938
206.2784
88.191090000000003
25.473050000000001
25.82274
138.9211
256.27019999999999
213.1686
232.4796
189.5257
233.761
196.5273
218.7825
212.1798
203.27610000000001
212.85470000000001
225.05779999999999
91.963620000000006
27.154769999999999
27.81296
127.2272
284.9402
215.3168
216.2054
220.80009999999999
226.63399999999999
243.72929999999999
248.5573
220.5137
234.2791
237.11519999999999
237.98609999999999
245.05430000000001
124.4258
26.633019999999998
25.3309
139.15979999999999
285.20859999999999
239.33879999999999
238.1063
246.20939999999999
246.37430000000001
245.9248
244.86519999999999
220.78399999999999
237.20670000000001
127.2132
25.764500000000002
26.100200000000001
126.1146
301.91359999999997
261.91750000000002
272.91840000000002
231.68440000000001
236.37610000000001
252.77760000000001
251.9127
250.96979999999999
247.87620000000001
257.31229999999999
224.90299999999999
122.06780000000001
26.730440000000002
25.782540000000001
107.1052
312.63749999999999
262.58139999999997
213.8905
253.94820000000001
239.80600000000001
241.47810000000001
262.27550000000002
257.7484
248.0566
239.5847
137.55340000000001
24.48001
25.448460000000001
97.088030000000003
302.0806
249.5411
266.36680000000001
255.1232
242.10740000000001
237.52209999999999
265.77569999999997
265.76749999999998
257.66930000000002
251.9973
244.11609999999999
237.7003
174.4264
26.180219999999998
26.398389999999999
80.273420000000002
321.68759999999997
227.78469999999999
224.4641
265.96899999999999
245.6533
255.1935
262.97399999999999
266.94060000000002
245.03989999999999
251.8974
256.13720000000001
240.5958
167.50559999999999
26.38719
26.435030000000001
75.059070000000006
336.75880000000001
249.79599999999999
238.16679999999999
255.78
279.02690000000001
275.61059999999998
278.02190000000002
274.61320000000001
272.15609999999998
256.51900000000001
249.2791
182.2877
26.63569
25.365259999999999
53.918550000000003
250.4804
257.14249999999998
280.79669999999999
260.64859999999999
240.38310000000001
258.96789999999999
255.7064
264.3503
248.8913
240.71809999999999
266.0865
191.77860000000001
27.576920000000001
28.384509999999999
46.419319999999999
330.12200000000001
270.12279999999998
247.45189999999999
275.15460000000002
274.42840000000001
261.56200000000001
275.27690000000001
261.19
263.97109999999998
252.06100000000001
286.41699999999997
281.45159999999998
222.99799999999999
24.6143
25.23715
35.415399999999998
348.51609999999999
275.29390000000001
282.47989999999999
264.23090000000002
292.97980000000001
281.0992
260.63709999999998
295.7364
269.13279999999997
264.21960000000001
263.12509999999997
265.41269999999997
242.53579999999999
26.18524
26.33615
29.237359999999999
338.82589999999999
263.59100000000001
299.91050000000001
298.32240000000002
267.61939999999998
270.63299999999998
274.61439999999999
260.14150000000001
257.3818
262.2081
274.25170000000003
281.73930000000001
272.03019999999998
25.514720000000001
26.08211
26.50319
324.82119999999998
278.95699999999999
268.63690000000003
268.85930000000002
265.38529999999997
312.9785
290.0326
276.96510000000001
267.59190000000001
269.37220000000002
284.56209999999999
267.95679999999999
25.764099999999999
25.95862
24.988330000000001
321.8338
240.7944
263.68610000000001
277.40089999999998
280.70710000000003
277.12779999999998
272.5548
274.78820000000002
269.46190000000001
276.97649999999999
269.9796
274.38249999999999
25.34299
290.16109999999998
303.73020000000002
241.58080000000001
283.0052
273.52679999999998
270.59910000000002
274.20850000000002
272.34899999999999
113.56699999999999
108.0742
295.99000000000001
302.48910000000001
261.6026
264.38440000000003
271.209
266.60340000000002
269.55290000000002
267.14789999999999
255.922
300.29590000000002
288.50040000000001
250.62209999999999
129.8372
26.157039999999999
25.512
141.5652
346.3648
301.85239999999999
281.00240000000002
250.15629999999999
281.28429999999997
305.2328
301.65190000000001
287.98899999999998
262.43779999999998
270.60599999999999
276.03930000000003
277.42770000000002
131.5205
25.14958
25.791540000000001
140.2028
333.32580000000002
297.75779999999997
256.36919999999998
285.95830000000001
296.05900000000003
292.84480000000002
287.60820000000001
282.11290000000002
286.32870000000003
278.33940000000001
280.98439999999999
288.61900000000003
98.629649999999998
25.445810000000002
25.48873
165.54949999999999
317.66419999999999
297.91410000000002
286.92129999999997
290.67320000000001
283.01839999999999
279.99970000000002
266.5881
277.01369999999997
273.77170000000001
289.03089999999997
286.52089999999998
267.57470000000001
95.572720000000004
25.749890000000001
25.98096
174.12639999999999
326.25349999999997
276.57679999999999
271.73779999999999
290.2097
268.00150000000002
277.60169999999999
277.16500000000002
306.11329999999998
276.95589999999999
262.41930000000002
281.57810000000001
259.51940000000002
95.035809999999998
26.015550000000001
25.67822
198.02379999999999
323.60599999999999
283.89429999999999
292.8877
280.99180000000001
277.94560000000001
283.88810000000001
275.79329999999999
276.50970000000001
274.93630000000002
280.48849999999999
269.39569999999998
279.98989999999998
66.516819999999996
25.464089999999999
25.75319
235.10890000000001
315.43540000000002
289.23559999999998
296.56689999999998
267.87580000000003
268.86439999999999
278.61040000000003
294.29930000000002
282.40800000000002
297.92919999999998
277.41579999999999
289.7679
263.24959999999999
55.260199999999998
25.450669999999999
25.243069999999999
221.11799999999999
309.04480000000001
292.85379999999998
274.76069999999999
272.36970000000002
267.99110000000002
268.38150000000002
256.5197
217.79249999999999
424.65379999999999
412.89429999999999
410.2645
423.29270000000002
413.62689999999998
401.3014
394.75630000000001
386.82619999999997
391.07080000000002
386.86290000000002
380.36470000000003
370.77420000000001
274.98750000000001
183.05000000000001
184.03809999999999
226.52170000000001
411.53969999999998
392.23480000000001
363.75749999999999
386.23849999999999
349.53089999999997
375.41030000000001
375.488
354.73289999999997
366.1472
357.53660000000002
359.54750000000001
363.06110000000001
307.60199999999998
182.68620000000001
182.36840000000001
221.56
457.36759999999998
362.27839999999998
355.02510000000001
364.43880000000001
375.03109999999998
351.88240000000002
213.13310000000001
185.28290000000001
415.28710000000001
360.35379999999998
374.32769999999999
387.55709999999999
379.9855
365.57549999999998
343.72989999999999
392.64120000000003
361.89980000000003
405.11790000000002
374.601
376.03199999999998
386.24959999999999
381.31150000000002
352.38310000000001
401.11500000000001
324.58949999999999
368.2559
401.71910000000003
352.83210000000003
353.94459999999998
335.69749999999999
329.51819999999998
365.42380000000003
335.83909999999997
367.9144
325.35480000000001
309.58879999999999
319.9237
332.50729999999999
305.56169999999997
277.16520000000003
303.55169999999998
334.58699999999999
307.57650000000001
302.70850000000002
310.3347
298.98419999999999
291.72890000000001
314.05290000000002
289.2337
287.80509999999998
301.2774
275.93599999999998
297.33339999999998
279.80419999999998
284.15120000000002
283.6628
272.61380000000003
276.24869999999999
270.21570000000003
278.52350000000001
270.2484
275.9753
269.61799999999999
276.88170000000002
269.05720000000002
278.80169999999998
265.48809999999997
279.71429999999998
267.39179999999999
274.9923
266.57440000000003
271.4581
270.22840000000002
269.86430000000001
272.2706
270.3014
275.05119999999999
266.09649999999999
272.61869999999999
265.64600000000002
273.09320000000002
264.82389999999998
273.74590000000001
266.39879999999999
273.43880000000001
264.98880000000003
274.0419
265.20659999999998
267.93079999999998
270.62
268.77539999999999
271.13780000000003
270.79649999999998
263.37709999999998
269.1798
264.58229999999998
283.32249999999999
418.03219999999999
341.62970000000001
277.50959999999998
278.17349999999999
282.91520000000003
282.52229999999997
278.92129999999997
281.47239999999999
279.8741
282.69970000000001
277.49860000000001
282.99590000000001
279.71969999999999
280.24549999999999
278.78399999999999
277.74220000000003
280.79230000000001
277.81540000000001
278.70549999999997
223.0592
182.36449999999999
252.1627
250.6815
250.38650000000001
253.70160000000001
250.82400000000001
259.58190000000002
252.858
256.66719999999998
254.44370000000001
255.0703
259.23250000000002
251.73439999999999
252.90190000000001
248.60429999999999
254.73060000000001
253.0444
248.1284
250.59110000000001
251.50020000000001
255.12309999999999
248.26650000000001
253.78890000000001
253.2482
250.12090000000001
255.31030000000001
250.7723
250.80619999999999
255.40029999999999
250.16120000000001
257.44110000000001
249.88489999999999
254.09389999999999
252.44980000000001
251.3229
254.76759999999999
251.5752
251.12639999999999
255.76480000000001
250.1677
252.2413
254.05170000000001
248.75819999999999
255.86439999999999
252.54679999999999
251.4975
256.21260000000001
251.6472
249.62010000000001
257.61660000000001
249.69069999999999
252.6405
253.35589999999999
249.0592
254.34889999999999
252.1671
249.203
258.15499999999997
249.99469999999999
251.7225
255.50290000000001
252.36670000000001
249.55840000000001
203.7473
152.51220000000001
30.41375
221.66059999999999
120.33669999999999
139.32320000000001
134.77869999999999
148.71209999999999
142.04859999999999
146.2432
157.83709999999999
144.3751
156.17789999999999
153.67609999999999
123.5907
27.41994
28.036899999999999
37.15598
240.03139999999999
157.76660000000001
155.98929999999999
178.9556
157.01949999999999
166.16409999999999
172.52430000000001
163.66419999999999
170.1422
201.01769999999999
182.12350000000001
173.0224
146.0162
27.055910000000001
26.027139999999999
48.469769999999997
255.042
168.8134
182.79689999999999
168.95660000000001
184.9401
182.16839999999999
178.44980000000001
201.56299999999999
205.05590000000001
182.15180000000001
196.3124
205.02420000000001
157.72489999999999
26.805060000000001
28.202559999999998
51.719810000000003
264.80599999999998
214.68520000000001
216.0136
199.96850000000001
202.81979999999999
211.0181
229.83539999999999
210.56780000000001
211.07249999999999
224.07239999999999
210.29859999999999
217.05619999999999
154.3948
28.062619999999999
27.161529999999999
70.415660000000003
285.142
242.57730000000001
232.3629
226.29660000000001
222.79839999999999
250.572
260.83350000000002
225.0044
248.102
251.2406
238.2038
256.41860000000003
147.80850000000001
26.811630000000001
26.50827
79.473600000000005
333.33760000000001
256.15370000000001
258.4622
292.0829
250.24860000000001
264.91629999999998
273.78789999999998
248.39109999999999
262.3657
260.255
269.26490000000001
140.614
27.852039999999999
26.970490000000002
95.945750000000004
324.57319999999999
304.26870000000002
261.87950000000001
275.80919999999998
267.80450000000002
288.67860000000002
280.57530000000003
284.19510000000002
289.37029999999999
281.5566
277.20440000000002
143.51490000000001
26.85446
27.40034
105.3058
339.52449999999999
294.5856
292.19940000000003
315.82249999999999
307.03769999999997
282.96100000000001
308.54399999999998
295.54079999999999
312.71469999999999
303.48750000000001
321.66180000000003
142.37010000000001
28.079339999999998
27.537240000000001
126.78019999999999
345.29629999999997
311.56040000000002
319.51499999999999
305.68979999999999
302.07619999999997
338.53199999999998
325.91059999999999
327.84640000000002
313.69400000000002
305.7432
318.17239999999998
324.70049999999998
25.91553
25.056909999999998
169.64699999999999
334.77319999999997
344.44810000000001
326.38929999999999
323.50799999999998
328.60840000000002
319.93220000000002
326.67219999999998
332.22680000000003
333.75279999999998
301.93209999999999
169.70519999999999
160.50200000000001
312.76639999999998
317.17700000000002
310.34620000000001
358.46859999999998
332.6653
334.25529999999998
330.90949999999998
324.10449999999997
333.9341
267.30180000000001
33.268219999999999
36.989269999999998
317.15280000000001
350.55380000000002
322.64620000000002
320.46620000000001
328.2627
344.02539999999999
334.5566
333.05309999999997
366.8603
320.61110000000002
304.858
346.36219999999997
243.99940000000001
25.308610000000002
25.078309999999998
32.530630000000002
342.16890000000001
326.2056
331.8553
355.78870000000001
335.83620000000002
326.9051
352.25229999999999
323.72120000000001
329.82530000000003
364.46859999999998
328.51389999999998
347.89870000000002
254.90870000000001
26.152419999999999
25.495100000000001
63.271659999999997
357.56200000000001
358.76080000000002
351.0487
339.45209999999997
354.41000000000003
348.93119999999999
336.29559999999998
332.9785
352.33819999999997
334.7097
341.31310000000002
332.12459999999999
226.739
25.244389999999999
25.706800000000001
72.139049999999997
367.6696
362.39229999999998
331.6687
322.35550000000001
344.98000000000002
316.95679999999999
344.52249999999998
347.51330000000002
305.3304
324.88499999999999
346.31689999999998
339.66289999999998
228.5598
25.255210000000002
24.782250000000001
91.703140000000005
385.75749999999999
340.75049999999999
343.79199999999997
317.32909999999998
366.29340000000002
322.23059999999998
339.72210000000001
344.21899999999999
327.06099999999998
352.10180000000003
336.08519999999999
342.34050000000002
203.3734
25.634519999999998
25.410900000000002
100.5103
365.93380000000002
354.34550000000002
337.0335
349.44979999999998
308.35660000000001
361.55610000000001
346.98950000000002
338.80759999999998
316.84879999999998
328.03949999999998
354.7226
334.57830000000001
144.02969999999999
25.441040000000001
26.023399999999999
115.5283
345.15730000000002
350.7638
337.31599999999997
330.54539999999997
335.76029999999997
341.53100000000001
325.98469999999998
331.59339999999997
323.62209999999999
325.77120000000002
313.2962
359.916
25.514880000000002
25.350840000000002
128.84289999999999
350.69
253.69280000000001
193.7784
284.43180000000001
503.37630000000001
489.20650000000001
480.60469999999998
479.41789999999997
478.46230000000003
483.72910000000002
490.55770000000001
469.12279999999998
464.59300000000002
497.1019
474.80189999999999
454.0625
320.04649999999998
211.3621
212.0241
334.10640000000001
486.02809999999999
423.91840000000002
433.61869999999999
435.2869
440.43959999999998
442.52569999999997
403.44830000000002
386.28230000000002
435.83749999999998
398.93299999999999
387.85359999999997
394.16660000000002
206.80199999999999
184.78389999999999
423.02460000000002
383.41000000000003
406.94560000000001
390.88389999999998
387.07380000000001
386.35820000000001
379.44420000000002
405.9522
393.50749999999999
411.10489999999999
417.52980000000002
397.32650000000001
395.06889999999999
411.56450000000001
384.38319999999999
413.96300000000002
374.88440000000003
342.83620000000002
351.81270000000001
373.32049999999998
374.24610000000001
374.47219999999999
354.50009999999997
330.79430000000002
338.34339999999997
356.24340000000001
349.56889999999999
342.60590000000002
321.41950000000003
308.00139999999999
340.21589999999998
341.44450000000001
318.03919999999999
328.22300000000001
387.39429999999999
335.24560000000002
306.61900000000003
363.62970000000001
387.51339999999999
319.01839999999999
379.11689999999999
312.29559999999998
407.7919
321.7989
346.01299999999998
361.54169999999999
335.84460000000001
234.58439999999999
200.51079999999999
358.726
343.0179
340.93540000000002
354.19619999999998
350.85050000000001
344.3098
344.19380000000001
353.87200000000001
365.14609999999999
367.9486
349.3546
374.37079999999997
331.39940000000001
351.70139999999998
362.4522
352.17970000000003
330.63819999999998
362.52109999999999
349.17320000000001
352.55029999999999
347.1413
344.59769999999997
342.63830000000002
346.81740000000002
341.76710000000003
340.2593
333.36309999999997
335.48259999999999
300.15469999999999
309.03980000000001
347.81740000000002
333.02940000000001
309.87959999999998
296.82209999999998
291.82870000000003
318.2946
326.93220000000002
296.73739999999998
286.04230000000001
316.53109999999998
287.5881
280.52600000000001
317.47519999999997
275.51889999999997
296.10649999999998
292.07470000000001
279.01319999999998
293.21480000000003
268.23090000000002
285.87119999999999
266.7056
288.42349999999999
267.36759999999998
286.53480000000002
266.13260000000002
285.15730000000002
278.89449999999999
229.5214
28.686699999999998
220.98679999999999
163.6045
181.15049999999999
189.70140000000001
178.15389999999999
186.58189999999999
183.99090000000001
178.03129999999999
187.63419999999999
201.6704
194.167
176.28880000000001
27.664840000000002
24.882020000000001
24.24202
242.1337
201.67400000000001
227.7063
193.00190000000001
203.4752
217.01779999999999
206.08799999999999
225.98910000000001
221.34280000000001
207.46960000000001
242.97970000000001
187.0855
25.985050000000001
24.72204
26.646429999999999
268.86430000000001
214.17679999999999
207.9547
211.1927
231.7937
219.80330000000001
220.49010000000001
239.41749999999999
224.27780000000001
228.19499999999999
246.28280000000001
215.00069999999999
159.6267
27.561219999999999
26.79561
28.489750000000001
284.70819999999998
218.9572
221.54560000000001
227.6917
210.83590000000001
244.0016
258.2063
231.70050000000001
255.69810000000001
267.4778
239.37819999999999
251.5325
191.48390000000001
27.62453
27.052409999999998
35.38335
289.7441
271.22620000000001
247.08709999999999
239.85730000000001
260.85700000000003
258.99610000000001
244.17509999999999
264.26499999999999
259.46589999999998
256.16050000000001
278.7801
274.75839999999999
181.81829999999999
28.590330000000002
26.919339999999998
40.82367
332.95119999999997
288.95460000000003
274.53969999999998
271.68430000000001
267.16539999999998
267.33179999999999
273.61419999999998
83.487480000000005
24.732890000000001
205.59540000000001
293.7353
279.73259999999999
281.4178
264.31220000000002
295.61489999999998
276.245
289.80509999999998
305.13119999999998
280.93680000000001
284.25319999999999
50.58323
24.914709999999999
25.04711
231.2304
315.08269999999999
285.50220000000002
271.2448
272.43349999999998
279.06459999999998
292.73020000000002
278.32029999999997
275.28460000000001
302.24470000000002
296.49450000000002
300.43740000000003
289.34280000000001
38.799709999999997
26.02815
24.923749999999998
257.46690000000001
326.21129999999999
299.62630000000001
306.79379999999998
296.32510000000002
294.06619999999998
289.27420000000001
284.2595
270.8768
281.15530000000001
289.12610000000001
291.44970000000001
285.62400000000002
32.793900000000001
25.922820000000002
26.000499999999999
270.71550000000002
335.6463
306.7672
271.68200000000002
286.17899999999997
283.57260000000002
299.2081
292.15589999999997
282.8374
272.5718
297.6173
285.89240000000001
272.47789999999998
25.404669999999999
24.85444
24.764019999999999
270.88959999999997
320.15010000000001
288.6397
284.52080000000001
277.48079999999999
212.1028
320.61509999999998
480.38639999999998
435.75970000000001
453.5489
433.7133
405.03429999999997
425.79599999999999
414.90440000000001
382.51139999999998
392.29689999999999
401.21260000000001
374.34039999999999
388.31220000000002
262.93959999999998
186.32210000000001
186.97909999999999
286.34629999999999
391.18150000000003
380.94380000000001
403.01049999999998
387.98099999999999
382.19880000000001
380.60579999999999
383.19760000000002
368.65260000000001
371.01119999999997
358.9615
373.59930000000003
367.48099999999999
193.08090000000001
189.03219999999999
187.20849999999999
186.65629999999999
427.80810000000002
365.20999999999998
381.78230000000002
378.77249999999998
380.19330000000002
387.52159999999998
388.47190000000001
402.73219999999998
390.4169
389.71300000000002
376.18310000000002
423.6155
373.34660000000002
401.55770000000001
378.97140000000002
344.40019999999998
414.923
330.83870000000002
368.1936
383.54090000000002
349.95679999999999
333.7894
329.46899999999999
387.05029999999999
401.46140000000003
351.29669999999999
380.94799999999998
334.26310000000001
331.33280000000002
349.00139999999999
349.77010000000001
316.46080000000001
300.48599999999999
316.7149
305.12259999999998
290.32400000000001
289.53829999999999
297.29270000000002
287.1114
307.49119999999999
291.51100000000002
284.95370000000003
306.51139999999998
276.70240000000001
291.33769999999998
283.62610000000001
279.67739999999998
276.06729999999999
270.40929999999997
275.91419999999999
265.83499999999998
277.14710000000002
267.36160000000001
277.08159999999998
265.85669999999999
275.90620000000001
266.1669
272.7758
268.11399999999998
271.46839999999997
267.33100000000002
269.26299999999998
266.80180000000001
269.60180000000003
265.65530000000001
273.15750000000003
262.01499999999999
273.00510000000003
260.11970000000002
272.50560000000002
263.33580000000001
271.61259999999999
259.40260000000001
269.05950000000001
264.67079999999999
265.91469999999998
267.24340000000001
266.06560000000002
266.10539999999997
264.29840000000002
268.5181
260.46870000000001
259.76409999999998
256.39280000000002
271.78070000000002
342.89879999999999
423.05470000000003
303.81459999999998
281.10430000000002
291.19
285.80700000000002
282.03570000000002
287.66410000000002
284.0027
285.61770000000001
283.77670000000001
285.13130000000001
284.2525
284.85430000000002
286.35879999999997
286.10520000000002
284.12470000000002
286.9255
256.80930000000001
191.3058
224.94159999999999
260.25450000000001
246.98689999999999
252.02440000000001
184.3289
172.9153
281.5609
350.96929999999998
373.12810000000002
398.98270000000002
357.59249999999997
352.29300000000001
349.6814
353.97910000000002
347.14400000000001
351.4975
352.60210000000001
347.26089999999999
349.30189999999999
345.75290000000001
347.39830000000001
346.03190000000001
345.73099999999999
348.97410000000002
341.31659999999999
348.53829999999999
345.5992
342.11880000000002
346.31200000000001
337.892
350.62810000000002
345.2713
339.67590000000001
340.99079999999998
292.68329999999997
298.5659
476.73349999999999
438.09410000000003
459.91180000000003
450.59800000000001
406.34199999999998
371.47129999999999
372.40699999999998
368.72620000000001
370.02530000000002
370.73579999999998
371.51830000000001
366.78899999999999
375.58150000000001
367.09070000000003
366.59140000000002
366.65039999999999
372.40050000000002
364.96519999999998
366.8254
365.4796
371.59100000000001
365.55959999999999
363.88900000000001
495.91739999999999
570.85170000000005
602.99890000000005
677.08090000000004
714.56679999999994
744.60709999999995
773.07420000000002
814.04740000000004
861.05399999999997
700.66089999999997
578.56849999999997
582.66200000000003
586.61969999999997
580.5308
581.61170000000004
578.10419999999999
574.51760000000002
579.63530000000003
574.36980000000005
568.303
582.73770000000002
565.33010000000002
570.63940000000002
567.08079999999995
571.87059999999997
560.57650000000001
565.20230000000004
561.90129999999999
566.57230000000004
560.80550000000005
560.21550000000002
560.56190000000004
560.40689999999995
559.71799999999996
571.27610000000004
553.11659999999995
558.87959999999998
555.29049999999995
565.75250000000005
592.66600000000005
604.41790000000003
613.63019999999995
609.99720000000002
619.96109999999999
621.35580000000004
626.05499999999995
626.2817
629.11770000000001
645.11990000000003
640.47810000000004
653.81610000000001
642.75459999999998
645.91430000000003
655.19669999999996
654.67880000000002
653.98689999999999
657.54909999999995
659.16129999999998
667.85170000000005
672.78719999999998
673.26919999999996
679.88040000000001
688.04549999999995
692.98130000000003
697.4162
691.9117
700.93489999999997
724.40219999999999
711.59190000000001
721.67370000000005
715.43209999999999
720.02260000000001
727.09400000000005
729.89509999999996
738.66959999999995
712.7704
671.96969999999999
682.36400000000003
675.23099999999999
697.49940000000004
692.69539999999995
678.2645
681.77480000000003
679.35170000000005
674.77589999999998
676.75819999999999
673.4425
676.09879999999998
691.57839999999999
672.24159999999995
672.70029999999997
673.78499999999997
683.32370000000003
668.51350000000002
667.54280000000006
686.55409999999995
670.88310000000001
675.80939999999998
665.42079999999999
683.98869999999999
662.67550000000006
672.64530000000002
662.452
677.14689999999996
666.32100000000003
671.83540000000005
661.54880000000003
683.80679999999995
663.46460000000002
664.76189999999997
670.40549999999996
681.66869999999994
663.17849999999999
663.80330000000004
663.89200000000005
663.42660000000001
666.31650000000002
662.75840000000005
672.85220000000004
664.29390000000001
660.69410000000005
660.60410000000002
658.40200000000004
655.28579999999999
660.10220000000004
660.51279999999997
675.65030000000002
661.21709999999996
658.33799999999997
659.05759999999998
675.25840000000005
656.70259999999996
660.09749999999997
657.10559999999998
662.69110000000001
653.69489999999996
674.4538
656.15800000000002
662.07000000000005
653.40989999999999
663.73990000000003
657.85640000000001
652.70010000000002
658.05690000000004
664.14679999999998
656.8845
651.62180000000001
672.87729999999999
659.79449999999997
650.62869999999998
648.11990000000003
652.00720000000001
658.12549999999999
660.53359999999998
650.88869999999997
651.81610000000001
666.18849999999998
653.07420000000002
652.1934
655.54010000000005
657.9348
652.65560000000005
655.74800000000005
652.06949999999995
666.25530000000003
659.93820000000005
649.9588
653.22159999999997
660.26930000000004
653.16840000000002
650.3175
655.67129999999997
648.49890000000005
667.39469999999994
654.27999999999997
647.68370000000004
648.52719999999999
648.10680000000002
652.84789999999998
646.34889999999996
646.85140000000001
649.62159999999994
659.3741
648.44579999999996
651.51999999999998
660.80330000000004
654.28279999999995
649.48329999999999
641.18020000000001
667.29909999999995
655.89840000000004
665.21810000000005
652.19179999999994
644.64369999999997
660.07060000000001
336.74970000000002
373.36529999999999
376.53210000000001
383.72859999999997
380.08600000000001
373.45049999999998
365.32839999999999
378.46069999999997
361.29390000000001
361.45979999999997
337.62610000000001
160.91050000000001
25.592289999999998
159.24619999999999
85.378699999999995
87.918390000000002
85.052329999999998
86.546660000000003
88.715479999999999
88.391369999999995
85.179349999999999
87.411360000000002
86.481170000000006
85.424289999999999
85.155510000000007
88.251059999999995
25.705719999999999
24.87191
151.97739999999999
88.709509999999995
86.491820000000004
91.318280000000001
66.645030000000006
24.56495
25.972169999999998
24.37773
24.539919999999999
25.636140000000001
25.338180000000001
25.909030000000001
27.107279999999999
18.73799
14.55545
14.43432
