37.920
37.556
37.208
34.673
19.031
18.434
18.792
81.743
66.294
63.475
39.128
160.522
159.716
107.711
109.507
112.136
108.189
108.566
106.328
99.334
167.018
105.117
100.813
108.437
99.812
106.892
106.250
97.944
106.248
66.387
35.877
34.663
97.266
159.101
112.856
112.893
126.187
113.533
109.109
114.505
105.379
120.555
117.058
105.648
88.421
34.454
34.576
141.780
141.932
119.104
113.800
125.352
130.255
120.236
115.938
143.933
116.502
148.789
123.441
87.384
33.731
34.057
160.587
164.381
142.203
133.042
121.026
126.582
170.988
132.263
169.592
75.767
33.157
33.232
172.670
168.044
136.731
185.550
172.692
122.982
188.376
172.836
137.626
152.031
177.825
68.299
32.331
170.694
199.919
139.346
184.944
213.247
157.186
197.076
157.498
172.568
192.809
74.722
224.316
202.059
187.697
204.785
180.547
192.716
32.672
32.465
136.811
209.798
203.497
207.846
203.054
209.888
217.405
217.002
117.210
32.375
33.231
130.516
225.083
224.018
260.883
247.023
244.443
233.009
254.120
228.946
254.161
238.629
127.354
31.830
31.509
111.407
275.942
236.992
249.143
288.464
277.288
257.681
260.942
246.833
267.954
270.978
279.016
147.220
32.293
32.399
100.438
348.312
277.177
288.395
283.216
298.101
287.191
290.535
280.806
292.301
284.396
29.296
29.317
121.003
365.731
277.891
268.671
290.407
296.746
266.351
280.889
287.378
291.493
306.574
124.502
31.522
31.508
150.336
391.060
325.904
302.527
311.185
300.481
308.239
309.666
296.936
306.899
120.583
29.424
29.206
160.848
310.287
307.740
293.575
305.567
308.760
310.259
310.892
287.844
314.646
111.995
28.354
28.673
196.735
340.791
321.829
306.873
319.348
317.881
312.673
300.526
310.431
121.820
28.903
161.013
373.842
298.817
308.203
298.083
316.971
312.546
292.549
295.246
314.615
313.481
293.514
123.360
28.744
28.707
185.780
343.257
325.477
324.566
299.050
299.665
314.503
321.374
313.708
309.244
311.195
141.049
28.549
28.451
399.962
308.543
298.425
299.307
310.228
299.571
298.901
311.669
303.822
307.197
131.777
28.767
28.691
151.647
406.249
340.423
327.968
309.639
321.666
329.133
325.298
311.906
311.699
171.391
28.095
28.678
334.008
325.774
313.434
313.999
312.800
327.120
301.706
146.841
111.319
359.899
317.866
317.559
343.646
303.255
360.227
319.032
324.048
325.360
329.931
314.420
144.165
28.512
105.817
403.012
321.061
344.292
346.213
355.624
324.569
324.427
313.150
332.292
301.037
321.676
314.025
28.838
28.983
329.794
346.188
319.053
326.532
348.476
307.720
293.278
183.408
28.413
27.996
73.137
405.711
332.344
329.741
336.262
322.075
324.667
329.773
324.027
331.213
338.070
337.529
184.171
28.632
28.245
417.239
338.605
338.330
322.825
340.232
357.072
311.457
309.722
321.051
335.117
321.127
218.117
28.450
50.611
417.945
322.528
341.697
336.134
337.540
328.322
330.719
310.444
319.716
308.126
237.140
28.414
35.827
410.642
311.703
336.260
350.505
341.085
325.828
318.038
321.140
331.853
318.330
339.332
239.178
28.459
28.302
32.908
397.849
328.612
337.570
350.782
314.233
312.007
344.292
318.873
318.400
282.970
28.854
374.955
343.398
334.911
345.622
332.043
321.523
318.256
327.866
320.798
315.859
259.968
27.692
27.744
28.486
372.777
313.706
332.737
345.054
320.626
336.372
292.670
321.344
336.241
316.367
308.244
28.910
28.745
352.697
348.183
343.758
333.951
343.320
310.425
334.415
348.687
323.010
318.267
312.010
330.137
27.920
28.485
340.470
346.640
339.702
346.201
336.824
338.800
318.463
339.958
330.514
316.436
28.855
28.040
28.407
319.617
376.630
341.781
341.988
320.974
323.604
339.304
340.257
317.517
345.498
345.166
331.406
322.267
34.300
28.150
28.734
310.947
338.640
361.909
332.374
350.173
326.551
340.657
318.995
334.991
46.842
28.443
28.100
310.414
368.259
319.963
337.995
309.576
326.122
323.713
323.455
319.253
327.517
329.398
324.176
313.549
59.702
27.841
28.047
339.452
344.619
324.182
340.036
334.501
317.287
348.585
319.058
332.394
329.788
66.670
28.873
266.389
350.673
339.698
355.222
340.483
321.463
335.774
339.191
311.272
324.646
326.572
323.092
28.945
27.891
254.048
360.417
334.373
329.163
314.542
323.060
311.800
328.599
316.567
320.971
313.817
342.493
334.884
112.366
28.304
27.863
242.227
372.509
373.183
327.649
321.664
346.255
340.434
326.748
316.226
335.025
335.127
335.875
323.342
107.159
28.375
233.672
340.477
333.163
333.356
345.270
338.423
321.296
338.847
337.327
342.050
339.112
130.238
28.163
201.921
390.757
347.880
340.798
350.794
331.120
327.811
318.073
341.706
319.327
325.282
28.221
27.965
193.591
379.212
344.764
332.610
328.967
358.194
317.191
326.704
324.536
324.889
319.345
320.133
151.288
28.341
28.020
333.361
319.517
336.702
480.894
450.384
453.781
467.481
435.889
429.428
251.323
181.752
181.089
324.344
432.436
413.285
427.041
413.529
421.082
406.207
406.856
407.184
423.775
435.401
410.990
270.712
183.322
182.043
201.018
507.765
414.170
430.354
414.848
413.555
399.150
409.657
442.510
429.769
434.093
428.797
422.254
413.531
422.237
405.643
403.474
378.932
382.655
363.594
347.836
364.662
384.415
363.460
342.270
318.037
337.320
304.770
276.157
281.532
282.274
269.133
282.163
271.812
260.583
281.513
264.108
266.654
270.111
253.055
322.127
267.492
263.745
262.565
260.356
261.863
260.370
260.806
261.981
258.231
262.314
263.821
264.027
257.235
264.935
256.982
262.350
262.897
259.600
260.563
259.889
260.967
257.653
258.559
263.283
262.239
257.704
256.840
263.991
255.079
262.051
263.974
534.771
444.428
311.617
303.495
308.459
309.390
305.998
306.145
304.848
305.997
308.439
308.976
308.719
305.763
301.199
305.293
267.703
249.505
250.001
265.489
364.244
376.242
411.163
443.483
482.798
504.919
389.238
383.041
382.997
383.028
382.583
383.552
378.650
378.092
376.492
379.795
379.230
380.366
382.562
384.322
378.572
326.284
345.528
510.715
483.738
495.559
490.776
493.567
512.151
525.552
479.851
424.311
431.837
425.088
425.200
425.458
426.480
424.322
423.158
418.295
420.956
418.460
413.630
417.773
418.483
417.172
414.722
413.889
493.311
636.991
660.564
739.519
757.046
784.609
809.999
844.338
862.279
900.209
933.641
998.686
1124.033
912.879
610.453
744.681
728.652
711.492
721.250
716.883
700.851
707.691
697.066
687.391
676.592
674.082
679.245
680.618
658.067
668.659
646.498
660.246
651.712
637.876
635.957
549.455
395.072
397.816
404.961
389.298
385.656
388.098
39.729
248.441
132.443
131.917
142.713
137.126
139.600
138.538
102.684
30.764
30.819
251.398
142.181
138.072
158.443
152.325
156.630
178.298
154.363
156.708
176.811
118.865
31.176
68.038
254.504
164.179
173.409
154.457
182.896
201.714
160.847
171.778
198.795
176.322
184.883
119.735
31.086
74.019
184.852
182.053
186.149
188.503
192.417
205.955
200.575
195.740
218.128
121.447
31.515
30.264
97.184
297.607
225.798
214.385
216.517
216.300
221.227
220.796
206.247
135.723
30.759
30.417
101.413
302.086
239.554
233.634
238.577
245.475
244.719
243.493
246.451
251.589
244.044
247.465
146.325
31.163
31.152
124.326
332.966
278.541
264.020
249.466
269.604
261.728
272.593
291.751
254.816
134.640
30.450
141.014
368.089
269.569
275.321
281.857
292.834
280.522
301.622
286.355
30.656
30.531
168.372
387.122
313.153
300.601
315.944
320.937
306.139
305.929
316.982
324.569
302.873
310.361
114.089
28.500
27.910
227.387
323.295
290.183
296.590
304.692
311.474
302.906
312.634
121.210
38.864
38.010
254.908
364.937
337.542
323.353
337.627
361.561
313.825
327.444
326.195
96.755
28.938
28.404
275.370
382.019
356.759
332.717
340.066
327.487
344.948
363.502
339.957
325.478
87.336
28.426
27.914
372.029
373.897
346.877
330.689
342.687
315.810
374.855
350.123
353.175
343.205
346.289
64.032
28.269
27.969
398.123
373.223
361.562
351.236
348.428
351.041
348.364
334.913
355.787
329.919
330.586
28.807
29.318
27.720
363.022
217.916
495.879
493.444
479.782
463.770
460.365
454.303
449.463
421.958
427.214
184.492
184.041
183.031
421.498
427.311
422.938
420.672
403.938
390.299
399.570
409.552
406.028
405.305
427.630
385.018
183.857
182.070
411.409
434.100
422.745
407.585
409.560
416.034
428.457
418.396
419.881
429.089
425.627
416.672
390.359
396.627
372.874
429.336
424.399
352.283
334.696
327.133
317.411
297.510
295.882
314.137
305.720
280.931
295.301
278.475
266.335
306.000
270.386
283.636
322.047
266.028
303.650
268.603
316.863
311.622
182.809
251.078
431.718
377.250
394.675
397.853
395.020
395.346
401.052
378.675
415.809
379.919
403.003
364.304
339.097
351.196
350.892
394.698
355.088
328.730
311.545
302.657
318.495
294.995
286.807
269.628
262.221
281.351
259.454
265.779
279.205
259.645
264.625
279.794
257.103
277.546
260.803
269.048
277.174
260.515
259.890
261.570
253.102
262.707
250.261
264.080
251.733
261.334
250.858
261.574
251.399
261.152
254.690
254.117
254.883
261.403
253.878
257.596
252.621
261.286
254.654
263.873
251.333
265.065
250.752
261.557
252.501
259.078
252.747
258.687
255.847
254.234
255.767
200.986
205.533
347.394
221.925
227.429
232.106
250.530
228.625
229.963
235.916
242.998
250.895
240.607
162.478
28.097
28.029
54.552
354.629
247.617
264.207
268.674
252.772
246.334
244.146
260.365
251.149
265.317
248.418
258.367
203.364
27.763
27.956
66.573
252.789
268.080
253.860
267.991
268.630
30.465
30.360
84.066
364.327
259.635
281.770
263.291
268.845
280.007
306.251
285.590
296.560
149.578
30.903
30.540
91.980
388.430
287.919
287.593
273.467
298.081
313.628
286.787
294.789
296.052
300.992
150.584
30.743
111.655
401.563
329.752
317.526
320.310
312.382
319.251
312.354
312.353
311.544
334.000
146.392
28.161
27.705
119.177
315.242
336.645
331.147
322.061
349.212
320.653
315.445
314.892
323.027
153.585
27.829
28.798
183.397
406.534
325.413
350.990
315.753
326.572
335.029
326.075
325.449
323.770
329.205
316.770
334.860
131.005
27.829
28.277
391.800
354.177
340.612
322.670
325.486
335.979
311.714
329.136
310.864
313.592
232.430
368.541
486.493
465.733
460.019
461.235
458.337
423.083
416.740
435.318
434.767
421.036
229.971
184.064
182.454
357.741
440.920
436.464
411.495
421.561
399.877
409.596
417.388
417.610
414.939
419.809
223.797
184.765
183.921
193.540
507.129
433.829
428.115
408.428
422.760
420.609
442.229
421.959
419.723
422.962
402.141
366.676
366.501
364.684
374.308
380.587
335.381
351.125
347.337
305.550
296.598
269.936
269.430
279.919
273.108
257.510
260.524
269.986
257.299
255.877
268.050
256.230
266.529
254.263
267.973
255.215
261.608
248.896
115.622
104.669
354.010
257.362
255.116
254.656
253.942
253.146
251.846
252.970
254.532
252.247
255.368
248.350
254.258
248.844
254.042
249.666
252.987
248.946
252.287
248.955
255.803
250.156
250.762
253.542
252.979
250.184
252.667
249.438
247.392
254.639
249.893
256.741
250.483
256.844
247.610
435.688
486.520
290.635
295.358
296.778
294.936
298.816
297.681
295.153
295.149
294.225
295.559
300.457
296.852
296.256
297.208
294.567
244.570
182.398
212.947
261.940
252.085
246.375
185.050
226.563
359.715
410.684
432.230
474.726
472.196
372.334
363.938
376.503
372.126
374.863
368.119
376.261
370.177
367.781
367.435
374.048
365.793
364.583
365.594
370.926
366.483
366.612
364.377
369.649
356.203
398.180
641.078
537.002
569.942
567.938
412.076
407.604
408.590
411.439
407.175
405.353
405.000
404.986
400.257
400.984
401.900
399.098
403.866
399.723
399.410
398.138
398.274
640.986
773.890
804.657
851.268
979.980
1142.961
1143.042
1128.035
1072.969
712.650
732.627
731.851
726.226
729.296
726.178
736.402
715.499
718.675
713.278
708.092
713.986
681.259
679.111
683.458
680.750
670.011
660.233
666.501
655.581
330.280
184.949
184.489
185.064
185.209
185.573
184.295
184.332
184.566
184.727
183.176
183.750
183.021
184.248
186.982
331.632
335.484
324.629
327.657
328.221
327.558
328.678
331.051
330.440
331.554
332.012
333.550
332.693
332.158
335.405
331.801
337.410
331.985
335.725
328.939
335.485
333.271
337.349
335.064
337.001
439.282
454.860
462.159
476.874
488.912
507.498
387.720
377.430
390.776
384.238
385.944
385.827
385.117
382.301
383.848
384.154
382.570
381.288
382.809
380.993
379.626
382.082
401.051
667.625
694.908
744.029
787.252
828.808
871.136
977.284
1061.168
629.064
607.571
617.734
622.877
620.944
612.490
612.830
624.194
615.788
617.052
621.112
607.778
610.067
609.361
610.133
605.442
609.171
610.120
600.582
599.849
596.951
595.783
596.735
610.042
593.273
623.798
762.114
792.434
790.926
811.228
827.282
845.303
864.575
875.547
882.935
899.446
929.993
924.087
947.971
991.837
1029.576
1048.589
1110.717
1129.251
1108.606
1096.137
1086.488
1111.004
1080.561
1083.142
1088.733
1073.482
1061.275
1081.441
1074.728
1075.911
1061.822
1073.818
1057.873
1063.311
1067.830
1051.588
1065.830
1063.743
1056.180
1061.544
1048.372
1041.275
1059.354
1049.360
1025.277
1046.885
1040.289
1024.353
1023.633
1047.130
1010.597
1042.214
1034.976
1015.684
1044.899
1039.356
1047.380
1033.855
1033.277
1041.201
1039.110
1042.091
1039.707
1021.393
1052.224
1012.828
1054.491
1012.265
1035.313
1058.057
1042.355
1043.264
1051.632
1049.255
1039.857
1023.732
1068.784
1042.830
1032.519
1042.282
1014.106
1040.490
1021.837
1014.068
1056.314
1030.016
1055.340
1023.815
900.564
933.865
950.192
952.147
939.709
941.049
938.736
937.546
939.564
957.649
934.438
946.494
935.542
950.908
934.318
937.240
934.290
936.831
959.709
940.443
932.625
937.758
946.250
942.122
934.995
945.203
932.237
926.152
931.614
933.498
925.941
934.361
932.405
924.867
946.234
934.498
942.886
924.128
928.641
923.228
923.144
931.886
925.290
937.423
489.224
507.549
509.954
503.626
500.818
460.618
386.300
378.590
378.609
380.117
382.339
381.650
382.218
386.850
371.875
371.190
368.043
365.895
352.363
46.942
