1.61133300e+01
1.57172100e+01
1.68037200e+01
1.61515500e+01
1.59847100e+01
1.58602600e+01
1.61288600e+01
1.57262700e+01
1.61462500e+01
1.57353500e+01
1.55219700e+01
1.55209100e+01
1.59743500e+01
1.58096400e+01
1.61701200e+01
1.64012100e+01
1.58980400e+01
1.56764200e+01
1.61403500e+01
1.65339600e+01
1.78982300e+02
1.88464000e+02
1.90479100e+02
1.89811500e+02
1.85950800e+02
1.87732000e+02
1.87987900e+02
1.87280300e+02
1.86496300e+02
1.87856000e+02
9.16822200e+01
5.62832500e+01
6.39241200e+01
5.67861200e+01
1.85871200e+02
3.84911800e+01
3.71765500e+01
3.47982800e+01
3.40699800e+01
3.45743200e+01
3.49121400e+01
3.36002900e+01
3.42046700e+01
3.37688700e+01
3.43293500e+01
1.78346100e+01
1.81549700e+01
1.74394200e+01
1.77031600e+01
7.00751300e+01
5.27730300e+01
5.66775800e+01
5.33643100e+01
3.55830000e+01
5.19152300e+01
1.80957400e+02
8.18394900e+01
8.07393500e+01
7.91233700e+01
7.94778900e+01
7.99265300e+01
7.85898400e+01
6.20688900e+01
3.37643500e+01
1.64396000e+02
8.22494500e+01
8.47532500e+01
8.37687500e+01
8.24711400e+01
8.55769000e+01
8.75662300e+01
8.11738200e+01
8.58165900e+01
8.39901000e+01
8.71588200e+01
8.79328500e+01
8.30070900e+01
3.48837500e+01
3.19026800e+01
3.30641800e+01
1.49730100e+02
8.67818300e+01
9.32464100e+01
8.79207000e+01
9.51144100e+01
9.14947000e+01
9.14632700e+01
9.54720700e+01
8.91868300e+01
9.81360800e+01
9.80485700e+01
9.38320200e+01
9.64126400e+01
3.81096500e+01
3.00066200e+01
3.13857100e+01
1.49343400e+02
9.98504900e+01
1.07366200e+02
1.06653900e+02
1.05202400e+02
1.03851900e+02
1.09069800e+02
1.17298300e+02
1.12024800e+02
1.09685900e+02
1.13179300e+02
1.20773500e+02
1.09078400e+02
4.54451100e+01
3.11304600e+01
3.10636700e+01
1.41683400e+02
1.11758600e+02
1.32830600e+02
1.08160100e+02
1.19767700e+02
1.21172800e+02
1.19673000e+02
1.17596700e+02
1.18701200e+02
1.25259200e+02
1.18461100e+02
1.17440200e+02
1.22438000e+02
4.74149400e+01
2.77706400e+01
2.73678800e+01
1.60892500e+02
1.27064300e+02
1.30503800e+02
1.29890800e+02
1.20900000e+02
1.15132900e+02
1.27833200e+02
1.32451800e+02
1.21278100e+02
1.13647000e+02
1.29898900e+02
1.46414100e+02
1.19452400e+02
6.31256900e+01
2.85818400e+01
2.82147100e+01
1.44457400e+02
1.35116500e+02
1.45885300e+02
1.30713200e+02
1.28913800e+02
1.33029800e+02
1.35831400e+02
1.40092500e+02
1.31121400e+02
1.33850400e+02
1.39191600e+02
1.41001900e+02
1.42785500e+02
5.98007800e+01
2.87354000e+01
2.78339800e+01
1.42794800e+02
1.46718100e+02
1.52973800e+02
1.53703300e+02
1.43432700e+02
1.35673500e+02
1.55107600e+02
1.56782500e+02
1.53874400e+02
1.40620300e+02
1.40804700e+02
1.63138300e+02
1.56344100e+02
5.83639700e+01
2.69063900e+01
2.62752300e+01
1.39389500e+02
1.82583000e+02
1.61996400e+02
1.52905100e+02
1.48035400e+02
1.57075200e+02
1.61685800e+02
1.66750500e+02
1.56494000e+02
1.47195100e+02
1.46982000e+02
1.61814400e+02
1.63395500e+02
7.57231900e+01
2.89268600e+01
2.86845600e+01
1.44151700e+02
1.78872500e+02
1.70927100e+02
1.55253500e+02
1.53307600e+02
1.75901200e+02
1.79689500e+02
1.66238800e+02
1.66775400e+02
1.53907200e+02
1.57628200e+02
1.70783500e+02
1.76487100e+02
6.51384000e+01
2.63561400e+01
2.60202500e+01
1.57094000e+02
1.84037700e+02
1.84967700e+02
1.67116100e+02
1.68465900e+02
1.69840100e+02
1.72478300e+02
1.66924100e+02
1.68724100e+02
1.74648600e+02
1.69535100e+02
1.68440000e+02
6.56660400e+01
2.61664500e+01
2.63019600e+01
1.77623300e+02
1.81469200e+02
1.83286700e+02
1.78096300e+02
1.75998100e+02
1.83615500e+02
1.79769600e+02
1.74638200e+02
1.75714300e+02
1.79897000e+02
1.80831200e+02
1.91587200e+02
1.83890700e+02
4.95487000e+01
2.58457700e+01
2.68066900e+01
1.84552100e+02
1.81552100e+02
1.86481200e+02
1.79707800e+02
1.79404100e+02
1.74524100e+02
1.77838500e+02
1.78170100e+02
1.78163700e+02
1.83321600e+02
1.78156800e+02
1.79025100e+02
1.74039900e+02
6.03812400e+01
2.84967500e+01
2.85325200e+01
1.89097700e+02
1.91808400e+02
1.84971300e+02
1.81301500e+02
1.77884800e+02
1.81418400e+02
1.85027900e+02
1.92091900e+02
1.85210300e+02
1.83001400e+02
1.82904400e+02
1.92433300e+02
5.49116800e+01
2.57363400e+01
2.61748000e+01
2.00451800e+02
1.99412700e+02
1.99369700e+02
1.94516000e+02
1.96145900e+02
1.88766400e+02
1.89078200e+02
1.91774200e+02
1.98996300e+02
1.90545200e+02
1.94770400e+02
4.71077000e+01
2.48013400e+01
2.59252300e+01
2.19679100e+02
2.03672500e+02
2.02128400e+02
1.93771800e+02
2.00219600e+02
1.98296800e+02
1.99164100e+02
1.96700000e+02
1.99897900e+02
1.97978100e+02
1.89271700e+02
1.97622600e+02
1.95772900e+02
2.59383300e+01
2.57392900e+01
2.50649500e+01
2.42699500e+02
1.90511600e+02
2.01688400e+02
2.07785100e+02
2.07181500e+02
2.07999900e+02
1.95076800e+02
1.90638500e+02
1.97872900e+02
1.97560800e+02
2.02896500e+02
1.98687100e+02
1.88537400e+02
2.51804300e+01
2.57127700e+01
2.55943500e+01
2.59220400e+02
1.95757000e+02
1.94832900e+02
1.93168100e+02
1.94670800e+02
1.97741700e+02
2.01968800e+02
1.98919800e+02
1.99401300e+02
1.99646700e+02
1.99396500e+02
1.87634600e+02
2.54308700e+01
2.59184600e+01
2.63168100e+01
2.39357400e+02
1.99950100e+02
2.09938100e+02
2.06665400e+02
2.00329500e+02
2.02967600e+02
1.95628100e+02
1.98383200e+02
2.02156400e+02
2.11757800e+02
2.03715400e+02
2.01611700e+02
2.50093200e+01
2.50576800e+01
2.55618200e+01
2.47263100e+02
2.04013300e+02
2.01669400e+02
2.06597900e+02
2.00693800e+02
2.04299100e+02
2.00081900e+02
2.06872500e+02
2.00241600e+02
2.07386100e+02
2.00971500e+02
2.00913300e+02
2.01606600e+02
2.73550800e+01
2.59907200e+01
2.54275600e+01
2.46201400e+02
2.05901600e+02
2.03819500e+02
2.04695000e+02
2.04567000e+02
2.07853400e+02
2.01462400e+02
2.11085300e+02
2.05123000e+02
2.00000400e+02
2.02956300e+02
1.97794400e+02
2.01818000e+02
3.79083000e+01
2.50246900e+01
2.57075300e+01
2.20908600e+02
2.10831200e+02
2.07149400e+02
2.00596100e+02
2.07941400e+02
2.04339000e+02
2.17059600e+02
2.16219700e+02
1.88678900e+02
1.96192800e+02
2.08534900e+02
2.18281700e+02
2.02452600e+02
4.17530600e+01
2.57062500e+01
2.55203900e+01
2.17804900e+02
2.03833500e+02
2.07009100e+02
2.08657100e+02
2.03411800e+02
2.03662200e+02
2.10671200e+02
2.03107300e+02
1.99625700e+02
2.52968700e+01
2.21157700e+02
2.01510600e+02
1.93961900e+02
1.99936500e+02
1.93841200e+02
1.96245800e+02
1.94590900e+02
1.95231100e+02
1.97023100e+02
1.98187000e+02
1.93804900e+02
1.91037100e+02
1.91460400e+02
3.09320200e+01
2.57396400e+01
2.55013700e+01
2.45785500e+02
2.09469900e+02
2.02099000e+02
1.97874800e+02
2.05569100e+02
2.05919000e+02
1.96316300e+02
1.99952000e+02
1.98178200e+02
2.09109000e+02
1.99745100e+02
1.98888500e+02
1.89626500e+02
2.52167700e+01
2.59504500e+01
2.54062000e+02
2.03101300e+02
2.04140100e+02
2.02404800e+02
1.97338000e+02
2.00747100e+02
1.94555800e+02
1.92666200e+02
1.92931800e+02
2.01737100e+02
1.89137800e+02
1.89961100e+02
1.82274700e+02
2.65546400e+01
2.62048200e+01
2.53086700e+01
2.62048800e+02
2.05390900e+02
2.01812100e+02
2.00922900e+02
2.12465200e+02
2.17453100e+02
2.10246500e+02
1.94438500e+02
1.92648100e+02
1.95078800e+02
1.99348800e+02
2.01606900e+02
1.93692700e+02
2.55895800e+01
2.56799700e+01
2.91932700e+01
2.88841300e+02
2.06768300e+02
2.02946500e+02
1.97478600e+02
2.06033700e+02
2.02339900e+02
2.00003300e+02
1.99852400e+02
1.99721900e+02
1.94964200e+02
2.02739900e+02
1.90843400e+02
1.72232000e+02
2.47218400e+01
2.60288200e+01
2.51243800e+01
2.53476600e+02
2.07445600e+02
2.05874800e+02
2.03138900e+02
1.95258000e+02
1.99839500e+02
1.98903200e+02
1.99011100e+02
1.96878700e+02
1.99353900e+02
2.01088700e+02
2.03517800e+02
1.97443800e+02
2.48257000e+01
2.60113300e+01
2.60731800e+01
2.61808000e+02
2.10550400e+02
2.10007700e+02
2.00834800e+02
2.06415500e+02
2.03647100e+02
1.99314600e+02
1.94486500e+02
1.88846700e+02
1.98450500e+02
1.97742800e+02
2.05540800e+02
1.98552000e+02
2.50122700e+01
2.56024600e+01
2.64293100e+02
2.12972500e+02
2.04324800e+02
2.00182300e+02
2.06345700e+02
2.01592500e+02
2.66040100e+02
3.01777900e+02
3.98155800e+02
3.61037400e+02
3.38524100e+02
3.33444600e+02
3.43340000e+02
3.40250200e+02
3.22283300e+02
3.17122000e+02
3.14074200e+02
3.26700600e+02
3.21162800e+02
3.16649900e+02
2.51059300e+02
1.82690400e+02
1.83125100e+02
2.33638700e+02
3.59972600e+02
3.28611800e+02
3.24672600e+02
3.17501300e+02
3.18692900e+02
3.12263900e+02
3.09957300e+02
3.07576100e+02
3.11276100e+02
3.03809100e+02
3.00553500e+02
3.08834300e+02
1.81912200e+02
1.81187700e+02
2.31363400e+02
3.71298900e+02
3.17028300e+02
3.14438600e+02
2.38329000e+02
1.81334900e+02
3.75440100e+02
3.13763400e+02
3.18611800e+02
3.19009200e+02
3.18614600e+02
3.16864800e+02
3.12254600e+02
3.13110600e+02
3.24126900e+02
3.25334100e+02
3.32688400e+02
3.39418800e+02
3.26138100e+02
3.33059100e+02
3.28183000e+02
3.08108300e+02
2.96997900e+02
3.13889600e+02
3.05187200e+02
3.11216200e+02
3.15303800e+02
3.39710500e+02
3.37420400e+02
3.35579800e+02
3.19041500e+02
3.00496500e+02
2.86976500e+02
2.76245900e+02
2.63154600e+02
2.64701900e+02
2.66187200e+02
2.55599500e+02
2.54077300e+02
2.59331400e+02
2.52202400e+02
2.48615500e+02
2.53602800e+02
2.58582900e+02
2.47538400e+02
2.54237700e+02
2.53188900e+02
2.46451900e+02
2.56219600e+02
2.47068400e+02
2.55162600e+02
2.49669300e+02
2.48117400e+02
2.50268700e+02
2.48931700e+02
2.47997300e+02
2.47433400e+02
2.48313400e+02
2.48732000e+02
2.47190700e+02
2.45994800e+02
2.48945600e+02
2.45423700e+02
2.50605500e+02
2.43896900e+02
2.48270300e+02
2.45663300e+02
2.47335000e+02
2.44209800e+02
2.46425100e+02
2.44998900e+02
2.45907000e+02
2.44954200e+02
2.46439200e+02
2.45851800e+02
2.49620200e+02
2.45502300e+02
2.47401200e+02
2.47351300e+02
2.47325700e+02
2.48499400e+02
2.46050900e+02
2.46873100e+02
2.45613400e+02
2.47954000e+02
2.46997000e+02
2.48559700e+02
2.45392900e+02
2.48396500e+02
2.46165900e+02
2.46950700e+02
2.48214400e+02
2.59293500e+02
4.14549400e+02
3.42623900e+02
2.79199700e+02
2.80102400e+02
2.82006000e+02
2.80294800e+02
2.82840700e+02
2.83568200e+02
2.82024200e+02
2.83251400e+02
2.82862100e+02
2.80969500e+02
2.81698000e+02
2.80516200e+02
2.79339500e+02
2.80278200e+02
2.79615600e+02
2.79498100e+02
2.78603000e+02
1.96817000e+02
1.84468400e+02
2.60126400e+02
2.41980300e+02
2.47487000e+02
2.43043500e+02
2.48104300e+02
2.48206800e+02
2.50853200e+02
2.49043700e+02
2.54738900e+02
2.51744100e+02
2.50442500e+02
2.49911900e+02
2.47658400e+02
2.47744100e+02
2.50028700e+02
2.50071400e+02
2.49840400e+02
2.49913000e+02
2.47850300e+02
2.50635100e+02
2.46716400e+02
2.47827100e+02
2.49998000e+02
2.47334200e+02
2.49016500e+02
2.48647200e+02
2.46443500e+02
2.50017500e+02
2.50082000e+02
2.48668500e+02
2.49890400e+02
2.48719400e+02
2.48530900e+02
2.50610700e+02
2.45057800e+02
2.48753200e+02
2.45062800e+02
2.48397100e+02
2.46876700e+02
2.48203000e+02
2.49160300e+02
2.48264900e+02
2.47564800e+02
2.51428300e+02
2.46601100e+02
2.49999900e+02
2.49820700e+02
2.45097300e+02
2.48909400e+02
2.48121600e+02
2.48457000e+02
2.50081300e+02
2.48295500e+02
2.49312100e+02
2.48318300e+02
2.46592600e+02
2.49034700e+02
2.49081000e+02
2.49010700e+02
2.50115300e+02
2.48196600e+02
2.46687300e+02
2.45947400e+02
2.47008300e+02
2.43974700e+02
6.48061600e+01
1.58130800e+02
1.38953500e+02
1.13341400e+02
1.23381000e+02
1.23451300e+02
1.23760400e+02
1.23954700e+02
1.29625000e+02
1.20888200e+02
1.33630000e+02
1.32611500e+02
5.23694900e+01
2.73411000e+01
2.74695900e+01
1.61744100e+02
1.46591200e+02
1.40690000e+02
1.23753600e+02
1.42575400e+02
1.40596600e+02
1.31664500e+02
1.35806600e+02
1.51678900e+02
1.37400000e+02
1.47046300e+02
1.50291700e+02
1.40003200e+02
5.87880000e+01
2.76207000e+01
2.73372200e+01
1.67040700e+02
1.50934700e+02
1.58966400e+02
1.50287900e+02
1.51759300e+02
1.50115600e+02
1.51676500e+02
1.58936900e+02
1.52583800e+02
1.60161200e+02
1.61465900e+02
1.55528800e+02
1.58259400e+02
5.01312200e+01
2.71281300e+01
2.73584700e+01
1.84143300e+02
1.81520800e+02
1.69894900e+02
1.68985900e+02
1.70224800e+02
1.67795300e+02
1.71587400e+02
1.81404200e+02
1.77178400e+02
1.76729500e+02
1.74098300e+02
1.79044100e+02
1.90675200e+02
4.16526900e+01
2.72738400e+01
2.75587600e+01
2.05626700e+02
1.93741800e+02
1.91830900e+02
1.95230400e+02
1.91277300e+02
1.86802200e+02
1.93475900e+02
1.99635600e+02
1.86946600e+02
1.92015500e+02
2.08150800e+02
2.00144100e+02
1.97504700e+02
3.77677800e+01
2.73242600e+01
2.70306900e+01
2.24319000e+02
2.14959400e+02
2.03528200e+02
2.10864500e+02
2.19999500e+02
2.04335900e+02
2.07264800e+02
2.13629600e+02
2.13286500e+02
2.20573000e+02
2.09839900e+02
2.25807600e+02
2.15906700e+02
2.69635400e+01
2.49543500e+01
2.30749000e+02
2.17296200e+02
2.18696000e+02
2.18348900e+02
2.21116800e+02
2.21131800e+02
2.13464200e+02
2.09184300e+02
2.14268400e+02
2.15863500e+02
2.11459600e+02
2.02897800e+02
2.47415600e+01
2.49026600e+01
2.03859100e+02
2.19210700e+02
2.11929600e+02
2.07863100e+02
2.08983400e+02
2.14671700e+02
2.09341100e+02
2.09463000e+02
2.10582900e+02
2.06792000e+02
2.07218400e+02
2.12316300e+02
2.06497300e+02
6.48100400e+01
3.43801400e+01
3.50491300e+01
2.08675400e+02
2.26407100e+02
2.22224300e+02
2.34595200e+02
2.23066300e+02
2.19694800e+02
2.33920100e+02
2.30883900e+02
2.36614400e+02
2.22694400e+02
2.18138100e+02
2.23891100e+02
2.44786500e+02
3.36653400e+01
2.54436800e+01
2.48648500e+01
2.22215000e+02
2.44665400e+02
2.39830100e+02
2.35578900e+02
2.30624000e+02
2.27958200e+02
2.29697800e+02
2.19314300e+02
2.25919900e+02
2.30966800e+02
2.32156600e+02
2.25435300e+02
2.78284300e+01
2.59223900e+01
2.48388600e+01
2.28991800e+02
2.40711700e+02
2.29560900e+02
2.26147200e+02
2.26139100e+02
2.22894100e+02
2.32646300e+02
2.28019300e+02
2.32584300e+02
2.27581900e+02
2.19760200e+02
2.31368100e+02
2.20355200e+02
2.52698700e+01
2.54227800e+01
2.48702800e+01
2.54853500e+02
2.32772700e+02
2.36789300e+02
2.41138200e+02
2.24852800e+02
2.30594900e+02
2.29228800e+02
2.36406000e+02
2.20606900e+02
2.21175300e+02
2.30417000e+02
2.19696800e+02
2.08398700e+02
2.49980600e+01
2.53595600e+01
2.51309800e+01
2.63511900e+02
2.38940000e+02
2.34134100e+02
2.24436000e+02
2.29215700e+02
2.25045000e+02
2.19712900e+02
2.18486900e+02
2.23857700e+02
2.19550500e+02
2.15591700e+02
2.15876600e+02
1.99823600e+02
2.55420100e+01
2.50498600e+01
2.51124200e+01
2.66581200e+02
2.36516800e+02
2.36830700e+02
2.51353900e+02
2.21119600e+02
2.33273700e+02
2.33035100e+02
2.33783400e+02
2.30018000e+02
2.35802800e+02
2.29020400e+02
1.85910000e+02
2.56820500e+01
2.50965500e+01
2.65320500e+01
2.78613200e+02
2.26286900e+02
2.32316700e+02
2.32265400e+02
2.32499600e+02
2.15861700e+02
2.29230300e+02
2.20093700e+02
2.23105600e+02
2.28016600e+02
2.26910700e+02
1.78720600e+02
2.60207400e+01
2.40633700e+01
4.10003300e+01
2.94313700e+02
2.50709100e+02
1.95475100e+02
2.84432100e+02
4.24045800e+02
3.87009900e+02
3.77647200e+02
3.72396400e+02
3.78227700e+02
3.67945700e+02
3.61289700e+02
3.58419400e+02
3.68259800e+02
3.60660100e+02
3.52860000e+02
3.50924400e+02
2.84636800e+02
1.90966800e+02
1.91043700e+02
2.57321300e+02
4.03941900e+02
3.77015600e+02
3.47449400e+02
3.34136900e+02
3.41364600e+02
3.42959800e+02
3.39171500e+02
3.37337300e+02
3.43740300e+02
3.39672200e+02
3.39328100e+02
3.34023400e+02
2.47924500e+02
1.82960300e+02
2.19454300e+02
3.98902000e+02
3.45218800e+02
3.38500500e+02
3.43150900e+02
3.36279700e+02
3.31493000e+02
3.37038800e+02
3.38829700e+02
3.47807300e+02
3.48222700e+02
3.44999300e+02
3.40385500e+02
3.46514400e+02
3.36332500e+02
3.52981900e+02
3.26763500e+02
3.26832100e+02
3.13566300e+02
3.02912000e+02
2.92783500e+02
2.91116100e+02
2.95159300e+02
3.06819200e+02
3.05404500e+02
3.08175700e+02
2.94883700e+02
2.85424100e+02
2.84186200e+02
3.03812600e+02
2.87316000e+02
2.72365300e+02
2.66221500e+02
2.87204500e+02
2.92908400e+02
2.61738500e+02
2.60526900e+02
2.90754400e+02
2.90133900e+02
2.64408200e+02
2.86705500e+02
2.85465500e+02
2.59538500e+02
2.98814000e+02
2.65776700e+02
2.80713300e+02
2.81337100e+02
2.60667100e+02
2.53018100e+02
2.51588100e+02
2.67094900e+02
2.48678700e+02
2.67339600e+02
2.47907300e+02
2.68828300e+02
2.51391400e+02
2.63687700e+02
2.51456600e+02
2.60730100e+02
2.54142000e+02
2.57984800e+02
2.57456100e+02
2.55497000e+02
2.60708000e+02
2.49777300e+02
2.64092300e+02
2.46510300e+02
2.65689000e+02
2.46147000e+02
2.63142000e+02
2.46528100e+02
2.63206100e+02
2.47303000e+02
2.62626800e+02
2.47890200e+02
2.60133800e+02
2.51201600e+02
2.55951500e+02
2.56820400e+02
2.52391200e+02
2.60453100e+02
2.50321000e+02
2.26991000e+02
1.81892200e+02
1.91081100e+02
3.08888600e+02
3.02646600e+02
2.99748700e+02
3.05427600e+02
3.02894400e+02
2.98301800e+02
3.03754000e+02
3.07703600e+02
3.11941100e+02
3.11911500e+02
3.14476900e+02
3.14186200e+02
3.14311200e+02
3.09777600e+02
3.12136000e+02
3.02543700e+02
3.12392100e+02
3.03934200e+02
2.94437000e+02
2.90393000e+02
2.87121900e+02
2.94337300e+02
1.64932800e+02
2.81120600e+01
2.59628600e+01
1.85533700e+02
1.64026400e+02
1.64122300e+02
1.52124600e+02
1.51063200e+02
1.63164800e+02
1.57465500e+02
1.44212100e+02
1.48183600e+02
1.59068100e+02
1.70168700e+02
1.60447700e+02
1.53442200e+02
5.49219400e+01
2.55861300e+01
2.48350500e+01
2.00000100e+02
1.60980400e+02
1.64996800e+02
1.71199900e+02
1.53308600e+02
1.58440300e+02
1.59347400e+02
1.61287000e+02
1.60736700e+02
1.54147000e+02
1.56598400e+02
1.59184900e+02
1.58685500e+02
4.18159600e+01
2.48187900e+01
2.43891900e+01
2.06325600e+02
1.69384900e+02
1.65099100e+02
1.63667500e+02
1.58755900e+02
1.59069200e+02
1.61257300e+02
1.63918800e+02
1.57888900e+02
1.62638200e+02
1.59624600e+02
1.58828200e+02
1.61654400e+02
2.73761300e+01
2.80459000e+01
2.72438700e+01
2.71730100e+02
1.82694200e+02
1.69939500e+02
1.76814300e+02
1.72186900e+02
1.76501100e+02
1.80972500e+02
1.82689700e+02
1.78518000e+02
1.74976300e+02
1.80339200e+02
1.87112300e+02
1.70813600e+02
2.62756000e+01
1.90583300e+02
1.80901000e+02
1.81135900e+02
1.77881000e+02
1.78548000e+02
1.81338600e+02
1.80217200e+02
1.81813800e+02
1.76415100e+02
1.76146600e+02
1.73953900e+02
1.72916600e+02
2.49615200e+01
2.52780600e+01
2.58006800e+01
2.43415100e+02
1.85774700e+02
1.88407300e+02
1.98389500e+02
1.85675900e+02
1.92291400e+02
1.89874700e+02
1.89399700e+02
1.87098600e+02
1.87279000e+02
1.83430400e+02
1.82192500e+02
1.76580000e+02
2.49543200e+01
2.50200200e+01
2.65398700e+01
2.82487700e+02
1.89185900e+02
1.91742800e+02
1.96686700e+02
2.05142200e+02
1.95791100e+02
2.00667100e+02
1.87202100e+02
1.99957700e+02
1.92461500e+02
1.80370600e+02
1.87640700e+02
2.56551400e+01
2.55262200e+01
2.62228400e+01
2.66984500e+02
1.95669000e+02
1.93126300e+02
1.93803900e+02
1.94029300e+02
1.97299500e+02
1.88453800e+02
1.93577900e+02
1.95101900e+02
1.95147200e+02
1.87489100e+02
1.78737800e+02
1.63888300e+02
2.63556000e+01
2.49375600e+01
3.35344700e+01
2.61397000e+02
1.98993500e+02
1.87531100e+02
1.80851700e+02
1.93585700e+02
2.30910200e+02
2.09674000e+02
3.53629900e+02
3.50447800e+02
3.30362500e+02
3.31919200e+02
3.34058400e+02
3.25895500e+02
3.34923500e+02
3.20867200e+02
3.19203700e+02
3.16505300e+02
3.20134900e+02
2.76604400e+02
1.85164800e+02
1.83527500e+02
1.93485600e+02
3.90844600e+02
3.10298700e+02
3.14844900e+02
3.23217600e+02
3.30030200e+02
3.25492900e+02
3.16834400e+02
3.17171500e+02
3.18699900e+02
3.22734500e+02
3.27597700e+02
3.14700800e+02
2.64279700e+02
1.84545100e+02
1.84380200e+02
1.85904400e+02
1.84820500e+02
3.42407100e+02
3.33133700e+02
3.15241100e+02
3.22616800e+02
3.24516200e+02
3.27001000e+02
3.23693300e+02
3.35811300e+02
3.25324500e+02
3.21931700e+02
3.31079900e+02
3.37783400e+02
3.39548600e+02
3.46506700e+02
3.35291700e+02
3.47659100e+02
3.27312000e+02
3.14899700e+02
3.30299700e+02
3.35601400e+02
3.42020800e+02
3.26874800e+02
3.24563200e+02
3.28409800e+02
3.14509000e+02
2.83233400e+02
2.64651900e+02
2.60734300e+02
2.59496500e+02
2.71980200e+02
2.86754300e+02
2.65180400e+02
2.51995300e+02
2.56647900e+02
2.82705900e+02
2.77334400e+02
2.50268200e+02
2.57392700e+02
3.02270400e+02
2.60176500e+02
2.65011500e+02
2.99170000e+02
2.53897300e+02
2.76081500e+02
2.82686600e+02
2.56760800e+02
2.92798800e+02
2.60209700e+02
2.28220100e+02
1.83298400e+02
2.16435000e+02
3.18283800e+02
3.17969700e+02
3.04626900e+02
3.06326400e+02
2.99680900e+02
3.02452600e+02
3.15070500e+02
3.21563800e+02
3.32458100e+02
3.29195300e+02
3.12591600e+02
3.26086800e+02
3.22124100e+02
3.23820600e+02
3.17918500e+02
3.29557500e+02
3.15006000e+02
3.09823400e+02
3.05923600e+02
2.98647200e+02
3.19413800e+02
3.04093100e+02
3.02074700e+02
2.91303000e+02
2.82208900e+02
2.76751900e+02
2.64348000e+02
2.86959400e+02
2.62671500e+02
2.55797000e+02
2.52849200e+02
2.61060900e+02
2.68755500e+02
2.58661700e+02
2.45702100e+02
2.49993400e+02
2.57201300e+02
2.48364000e+02
2.45109800e+02
2.56984700e+02
2.49169400e+02
2.47765800e+02
2.58904100e+02
2.42989200e+02
2.53498700e+02
2.50940200e+02
2.47625400e+02
2.50190900e+02
2.47377000e+02
2.50417200e+02
2.41780000e+02
2.49962500e+02
2.42193200e+02
2.49300100e+02
2.44642400e+02
2.49906700e+02
2.42181500e+02
2.48504800e+02
2.41424900e+02
2.43515300e+02
2.45298100e+02
2.46279400e+02
2.44724200e+02
2.45227700e+02
2.40837200e+02
2.46985200e+02
2.41822400e+02
2.46212400e+02
2.43570200e+02
2.46822100e+02
2.40412800e+02
2.47716700e+02
2.40493300e+02
2.42580800e+02
2.45664500e+02
2.43833800e+02
2.42979300e+02
2.42271200e+02
2.44339200e+02
2.42515300e+02
2.42354100e+02
2.46994900e+02
2.41519000e+02
2.48086900e+02
2.41423800e+02
3.16986100e+02
4.15471500e+02
2.95566100e+02
2.80783900e+02
2.82742600e+02
2.83681500e+02
2.81494800e+02
2.83750600e+02
2.82166500e+02
2.81618600e+02
2.81781900e+02
2.82960100e+02
2.84836900e+02
2.83498000e+02
2.79226600e+02
2.82022300e+02
2.81372700e+02
2.80222700e+02
2.58682600e+02
1.93139700e+02
2.00249400e+02
2.52365600e+02
2.43760100e+02
2.37208700e+02
1.85196200e+02
8.68041800e+01
1.86909900e+02
3.10573600e+02
3.34017900e+02
3.51339500e+02
3.68088900e+02
4.03531600e+02
4.21056900e+02
3.40807300e+02
3.46539900e+02
3.37149000e+02
3.40763500e+02
3.45061400e+02
3.36383900e+02
3.34923500e+02
3.36014900e+02
3.34101200e+02
3.33820400e+02
3.38303500e+02
3.33555800e+02
3.36572900e+02
3.31930200e+02
3.32506200e+02
3.36206800e+02
3.34615400e+02
3.28155500e+02
3.32058300e+02
3.29928000e+02
3.35255900e+02
2.84219700e+02
2.94011300e+02
4.29673700e+02
4.43669700e+02
4.51595400e+02
4.76645400e+02
4.19562800e+02
3.74087600e+02
3.75514800e+02
3.75946000e+02
3.72221700e+02
3.76019700e+02
3.71037900e+02
3.68100300e+02
3.68103300e+02
3.75883500e+02
3.68307400e+02
3.66080000e+02
3.72169600e+02
3.69224900e+02
3.67142900e+02
3.64797000e+02
3.68406200e+02
3.65807900e+02
3.66379700e+02
4.88638500e+02
5.98677600e+02
6.24137500e+02
6.63660800e+02
6.99119900e+02
7.46937900e+02
7.73534300e+02
8.05650100e+02
8.51211100e+02
8.92169700e+02
7.52859700e+02
5.94332300e+02
6.01313700e+02
6.06248800e+02
6.15005200e+02
6.03030300e+02
6.02850100e+02
6.04436500e+02
6.06615100e+02
5.99061400e+02
6.01211500e+02
5.93235800e+02
5.97037400e+02
6.12924400e+02
5.95769200e+02
5.97520200e+02
5.91971100e+02
6.00315900e+02
5.85363500e+02
5.82159700e+02
5.89116000e+02
5.75844900e+02
5.72772100e+02
5.70185800e+02
5.68346100e+02
5.62538000e+02
5.55825300e+02
5.55022200e+02
5.74575700e+02
5.52290500e+02
5.87449500e+02
6.00812900e+02
6.05769200e+02
6.03708100e+02
6.06748000e+02
6.17814900e+02
6.14434100e+02
6.24085400e+02
6.16282800e+02
6.37068600e+02
6.29418000e+02
6.30924900e+02
6.29913600e+02
6.49922700e+02
6.45072600e+02
6.42733500e+02
6.44899200e+02
6.60575600e+02
6.54715800e+02
6.58871800e+02
6.55482100e+02
6.72460700e+02
6.61133900e+02
6.68914900e+02
6.75578600e+02
6.95687900e+02
6.80084300e+02
6.79603800e+02
6.85906700e+02
7.08498700e+02
6.94067600e+02
6.97819800e+02
7.00078300e+02
7.09910500e+02
7.08492600e+02
7.06001300e+02
7.31086400e+02
7.08011900e+02
6.61250200e+02
6.64774800e+02
6.76500800e+02
6.65646800e+02
6.63669700e+02
6.60107300e+02
6.56740600e+02
6.71196200e+02
6.55482100e+02
6.63585600e+02
6.56531600e+02
6.57315300e+02
6.50297600e+02
6.50863600e+02
6.48817400e+02
6.46122600e+02
6.54877500e+02
6.47791900e+02
6.63395000e+02
6.46733600e+02
6.41178000e+02
6.43064000e+02
6.61441000e+02
6.50080400e+02
6.49343400e+02
6.40624300e+02
6.52529800e+02
6.43872700e+02
6.51453600e+02
6.40735800e+02
6.38512300e+02
6.55812000e+02
6.38688900e+02
6.45663900e+02
6.41772800e+02
6.37915500e+02
6.45672700e+02
6.41492800e+02
6.41277600e+02
6.40054300e+02
6.50430500e+02
6.39144200e+02
6.39802200e+02
6.34066700e+02
6.38011500e+02
6.38217800e+02
6.40502500e+02
6.44072700e+02
6.37638000e+02
6.35111900e+02
6.50171200e+02
6.39038400e+02
6.33133500e+02
6.33656400e+02
6.34414900e+02
6.37363800e+02
6.32062100e+02
6.34538600e+02
6.38353200e+02
6.31309300e+02
6.35219800e+02
6.43533500e+02
6.32241400e+02
6.31548100e+02
6.47830200e+02
6.35266800e+02
6.30304900e+02
6.29110400e+02
6.31206500e+02
6.32267000e+02
6.30711500e+02
6.37077500e+02
6.31426600e+02
6.30082500e+02
6.30198100e+02
6.41112900e+02
6.29170900e+02
6.26346900e+02
6.45606600e+02
6.32218600e+02
6.29411800e+02
6.25511400e+02
6.39765100e+02
6.22258600e+02
6.29926600e+02
6.24707500e+02
6.33977100e+02
6.24158900e+02
6.30347300e+02
6.24925000e+02
6.20900200e+02
6.29029200e+02
6.24405200e+02
6.25882900e+02
6.33370900e+02
6.25448700e+02
6.24076900e+02
6.21834200e+02
6.26875500e+02
6.19863500e+02
6.26810600e+02
6.37348400e+02
6.26843900e+02
6.24317400e+02
6.23046100e+02
6.33158000e+02
6.23633100e+02
6.19649800e+02
6.14631800e+02
6.29588300e+02
6.17973600e+02
6.17600500e+02
6.24531800e+02
6.29891500e+02
6.21194800e+02
6.17163400e+02
6.38091800e+02
6.20528300e+02
6.24153400e+02
6.19679800e+02
6.35395700e+02
6.25306500e+02
6.17461200e+02
6.19153300e+02
2.64034800e+02
3.81094100e+02
3.80191300e+02
3.79920600e+02
3.77771900e+02
3.86244000e+02
3.70610100e+02
3.65732600e+02
8.61686300e+01
4.69230700e+01
1.31668600e+02
5.66041900e+01
5.30355200e+01
5.68149000e+01
5.55375300e+01
5.42239700e+01
5.78899400e+01
5.28849500e+01
5.73695600e+01
5.70512300e+01
5.70356000e+01
4.70595100e+01
2.53153700e+01
2.57746800e+01
2.65704500e+01
2.44422600e+01
2.46065700e+01
2.52322600e+01
2.61039500e+01
2.48430900e+01
2.44935000e+01
2.46729400e+01
2.56318500e+01
2.59635500e+01
2.84707900e+01
1.66088500e+01
1.62180700e+01
1.65129400e+01
1.59932600e+01
1.67106500e+01
1.65101400e+01
1.55122800e+01
1.59103600e+01
1.57399700e+01
1.60905300e+01
1.63625500e+01
1.57208700e+01
1.61413900e+01
1.62892900e+01
1.63981900e+01
1.63457400e+01
1.58622500e+01
1.53925100e+01
1.60409500e+01
1.66625800e+01
1.58980600e+01
1.59816800e+01
1.65038800e+01
1.57182400e+01
1.55241500e+01
1.57997000e+01
1.63088400e+01
1.57883100e+01
