94.540
97.972
96.872
94.065
95.368
67.124
38.001
178.359
91.319
92.645
93.071
93.510
96.809
96.517
89.607
98.365
99.223
92.110
97.708
96.213
36.133
33.857
35.006
189.631
97.915
99.642
98.693
100.998
95.755
97.026
100.881
101.264
100.601
102.126
103.369
106.932
38.925
33.143
33.316
196.370
98.302
110.045
115.557
107.197
107.523
119.840
109.433
132.285
111.900
103.707
132.664
37.061
33.311
33.196
203.631
128.289
145.348
128.483
136.745
118.482
135.847
157.285
135.485
113.750
179.684
118.341
52.244
32.877
32.363
218.599
118.553
167.781
165.166
110.460
195.906
164.754
121.670
190.257
165.714
146.537
167.686
183.399
47.209
32.645
31.815
202.055
169.586
185.928
182.952
151.629
183.150
197.320
188.646
167.238
188.285
194.955
187.224
182.475
54.737
32.570
31.826
220.278
205.552
203.793
204.180
205.367
198.368
212.354
210.730
204.264
222.733
225.163
211.636
212.102
58.626
31.908
30.119
205.610
239.716
217.182
241.731
251.449
232.145
224.004
242.564
249.003
240.406
252.977
252.238
257.635
79.336
31.077
30.929
211.647
265.420
264.089
280.181
269.572
279.540
270.508
280.756
284.676
297.430
285.026
289.601
69.733
32.053
32.408
259.643
323.382
315.612
324.838
316.117
327.214
321.370
323.545
333.502
329.321
327.744
341.733
69.788
32.128
31.532
262.581
364.145
341.447
337.571
363.416
352.046
355.238
362.051
368.717
262.644
30.214
234.555
405.350
370.150
370.651
375.724
371.875
364.645
361.297
359.778
373.272
366.507
364.522
350.048
173.472
28.339
28.446
176.609
407.811
364.889
358.745
378.284
380.339
394.941
376.154
366.311
380.753
384.815
372.570
148.596
29.728
29.161
252.097
399.510
374.865
345.348
368.345
366.896
369.257
381.433
381.817
392.022
381.026
374.342
372.112
106.507
29.597
29.131
227.600
397.354
370.086
382.732
388.243
363.724
389.655
378.267
364.660
354.194
357.556
76.349
28.713
28.747
263.200
373.905
382.826
364.360
367.646
369.481
383.719
392.710
369.606
382.757
386.859
371.770
95.158
28.209
27.679
212.680
397.587
386.701
376.387
382.938
374.390
388.764
369.791
366.212
368.683
118.995
28.309
27.753
201.040
386.847
367.926
365.922
367.372
389.588
374.475
378.029
381.247
380.182
373.054
115.355
28.281
408.624
374.103
368.024
372.826
377.564
393.136
378.207
379.942
374.039
372.448
374.566
369.257
132.932
29.857
28.865
206.068
400.754
367.079
377.810
371.767
388.870
383.112
387.971
383.889
387.067
29.157
261.383
387.925
376.205
372.800
95.820
335.112
332.209
346.972
344.720
340.766
334.497
331.423
338.035
340.813
333.406
246.823
28.969
29.589
47.522
393.247
361.291
347.055
338.062
350.080
336.844
336.190
352.986
351.363
339.010
346.901
228.394
27.982
28.272
53.721
388.939
337.062
323.887
355.392
358.476
332.369
354.663
353.592
344.404
351.068
359.360
342.406
254.996
28.402
28.525
68.520
379.188
357.977
347.652
340.402
345.415
356.325
341.553
342.849
334.953
336.278
364.247
228.121
27.943
27.948
80.984
389.349
348.616
338.066
352.825
355.434
336.693
348.136
357.186
341.904
370.962
354.405
27.849
28.104
393.882
349.594
346.366
353.803
334.675
348.067
337.919
336.356
344.317
329.047
334.628
183.621
26.887
28.221
107.649
401.146
361.570
353.205
340.594
359.130
356.967
337.971
362.274
365.102
348.183
361.174
185.520
28.861
29.663
138.409
390.068
339.583
353.208
347.718
337.012
348.301
353.762
331.583
343.365
353.387
344.018
341.714
160.266
28.820
151.662
390.677
340.839
359.139
341.354
328.779
362.355
349.627
337.920
332.059
329.038
346.702
125.536
29.138
28.122
174.648
353.703
354.920
331.215
358.713
338.709
338.760
343.391
327.579
334.764
337.609
336.475
107.103
28.499
28.016
194.325
373.605
335.422
351.881
339.818
328.313
350.798
341.309
333.193
338.896
326.589
336.899
130.381
29.159
171.051
379.805
344.226
326.561
342.356
349.923
353.331
359.637
353.718
344.272
360.156
123.413
27.557
27.340
150.289
385.303
330.010
343.313
342.862
361.773
344.616
344.822
347.916
343.797
327.325
341.304
152.484
28.115
27.461
177.475
377.206
346.368
358.164
349.084
333.073
348.321
341.354
332.031
351.519
353.951
341.152
170.762
27.417
29.287
108.568
392.074
355.698
337.771
352.611
351.548
345.056
338.472
357.665
337.263
334.364
343.578
343.332
176.475
29.593
28.904
103.115
377.048
343.548
344.931
346.839
336.301
340.551
350.554
342.057
342.844
353.156
206.760
27.680
27.664
109.435
413.613
347.333
343.950
358.851
349.151
342.013
344.592
340.277
347.484
341.050
206.007
27.499
27.757
104.586
398.820
360.332
354.567
349.043
352.208
335.709
337.238
354.903
332.496
330.751
222.378
28.125
29.359
385.290
346.895
343.599
346.604
356.065
352.842
343.440
354.726
355.750
338.065
347.316
248.017
28.470
73.905
390.805
350.361
353.856
360.986
352.538
361.798
358.748
346.994
370.199
370.146
365.434
216.397
27.521
27.575
88.599
405.053
350.538
353.135
364.593
350.662
334.842
346.401
351.282
338.876
356.153
347.094
343.010
214.700
27.442
28.744
105.007
393.549
359.691
350.732
349.707
359.461
347.668
364.645
349.420
161.999
27.507
27.600
386.169
369.700
354.622
347.080
360.193
347.033
320.091
357.643
476.966
485.242
487.696
491.140
503.771
497.027
487.792
496.094
491.992
461.537
445.231
463.907
239.095
185.846
185.233
353.642
451.673
454.068
434.822
440.271
452.896
453.773
432.676
435.290
442.846
423.869
415.885
422.900
227.539
182.940
247.168
493.061
447.342
452.156
441.143
444.879
451.126
465.849
463.248
463.013
468.969
474.245
473.051
476.807
473.768
494.478
478.830
469.476
476.327
488.926
466.186
465.525
447.632
396.846
363.251
318.296
312.255
348.289
393.189
376.918
319.096
344.673
359.828
294.667
293.038
326.463
316.655
290.659
306.016
336.575
286.779
329.748
308.747
291.000
335.746
278.852
319.641
260.772
184.904
193.124
399.418
385.851
418.906
413.976
422.949
414.798
417.875
411.479
425.669
436.081
425.104
432.228
418.236
409.272
387.900
383.639
383.770
408.226
407.390
422.312
418.452
409.887
437.808
399.059
392.962
346.507
324.779
324.463
326.612
333.566
331.845
281.770
276.253
268.581
260.244
266.730
272.445
256.442
264.301
266.599
256.634
268.413
257.136
261.882
261.630
253.697
257.529
115.182
109.808
287.522
257.886
250.851
260.105
250.880
256.811
250.475
256.665
248.644
255.297
249.016
254.029
249.711
251.607
251.658
251.598
252.978
250.542
254.467
248.756
251.940
251.453
256.854
248.696
253.985
248.600
256.335
248.624
254.023
248.233
251.472
250.786
252.501
247.938
251.773
249.163
254.431
249.158
418.847
446.504
277.932
283.595
284.709
284.310
283.537
283.364
280.269
284.936
284.442
284.011
282.141
282.223
279.452
281.268
280.465
270.281
187.754
184.175
253.043
243.301
245.522
315.375
339.752
358.922
385.054
411.731
457.390
374.804
346.116
351.029
349.198
356.205
351.117
356.235
357.618
359.499
362.086
355.509
357.696
360.516
360.131
355.477
312.944
317.859
492.381
493.816
508.501
532.188
573.431
629.916
630.732
790.826
742.786
744.255
706.773
903.825
843.315
791.468
788.261
787.134
798.536
818.901
812.394
819.713
827.245
827.878
836.890
843.117
839.891
847.410
849.866
854.384
861.996
858.909
864.433
870.025
871.385
879.394
877.745
881.632
892.164
888.450
901.447
905.854
902.138
888.709
890.603
890.243
918.188
902.228
907.068
903.320
902.133
895.096
906.693
897.323
894.032
896.527
899.523
900.579
891.822
902.491
894.493
904.087
900.664
909.856
917.223
910.850
902.499
901.987
896.788
893.927
914.160
921.486
906.337
901.450
904.137
898.040
901.816
895.554
898.640
894.128
888.812
891.632
896.798
899.376
891.316
895.482
913.771
904.938
912.914
903.581
898.183
892.220
890.974
920.186
898.599
901.811
891.134
895.261
901.282
890.869
888.176
892.972
885.090
887.998
881.435
883.091
889.841
889.047
888.260
895.111
905.398
892.489
915.952
902.335
885.245
886.068
886.344
882.258
882.550
897.115
886.989
884.868
880.490
833.453
830.541
820.173
829.040
848.829
822.661
819.494
817.427
812.722
814.359
819.659
824.197
822.942
842.779
821.372
816.287
824.747
817.888
835.195
814.595
824.416
812.352
812.466
821.490
833.012
817.031
819.184
824.601
814.663
826.438
823.374
833.086
828.903
826.255
828.961
821.035
826.602
835.147
833.622
855.570
844.524
828.158
832.113
820.263
819.088
821.977
829.232
825.473
828.383
829.331
835.791
830.502
833.926
823.297
831.102
836.541
826.364
829.506
827.537
823.105
830.794
826.799
831.237
829.040
834.789
832.370
828.374
832.417
833.251
821.541
831.182
821.246
824.132
827.241
826.733
834.800
824.092
826.820
825.681
824.006
833.010
828.692
823.231
819.577
821.214
820.663
818.145
63.843
17.946
16.045
