34.527979999999999
207.7748
196.76070000000001
188.86689999999999
189.54939999999999
189.38120000000001
187.93639999999999
188.11680000000001
188.64259999999999
188.54069999999999
188.22190000000001
108.2158
63.651960000000003
62.38626
46.92718
222.40979999999999
38.101649999999999
36.395150000000001
36.050170000000001
36.668930000000003
34.713729999999998
33.500160000000001
34.25956
33.140419999999999
33.845770000000002
36.943159999999999
62.299689999999998
62.475679999999997
56.110379999999999
52.317410000000002
36.189579999999999
50.416119999999999
208.9556
103.07989999999999
101.0107
103.65389999999999
101.462
101.7877
99.20326
73.567459999999997
33.805720000000001
176.93219999999999
96.403220000000005
95.773179999999996
95.080860000000001
101.342
97.048370000000006
95.467479999999995
97.314189999999996
103.84269999999999
96.384659999999997
97.686689999999999
97.726839999999996
103.5117
37.543570000000003
33.669739999999997
33.218060000000001
162.5557
99.43074
108.431
106.51730000000001
109.18129999999999
102.99550000000001
111.7295
109.5771
108.5585
125.0247
110.6758
117.9722
109.7103
44.419269999999997
32.145429999999998
31.332429999999999
179.7654
113.4383
133.9889
118.3771
114.1203
134.33750000000001
126.0005
120.9928
126.6322
129.94800000000001
128.46860000000001
123.1011
135.1183
47.02178
31.976379999999999
30.11975
199.31319999999999
120.90300000000001
169.53649999999999
152.4297
127.3
133.0017
151.00649999999999
154.48740000000001
141.99780000000001
133.27879999999999
144.86609999999999
158.84280000000001
154.45339999999999
51.460509999999999
201.3098
164.97
160.98220000000001
171.33279999999999
148.655
144.41329999999999
146.67490000000001
154.78530000000001
156.64330000000001
152.0771
150.7423
160.34530000000001
151.73759999999999
65.833870000000005
27.983070000000001
27.454609999999999
172.70429999999999
170.64859999999999
158.76779999999999
163.30699999999999
149.04650000000001
169.10480000000001
162.47
163.55109999999999
168.37950000000001
154.10159999999999
166.0026
185.51830000000001
185.64850000000001
51.969090000000001
29.318049999999999
29.797809999999998
184.01130000000001
187.89699999999999
208.04490000000001
170.83019999999999
175.5257
183.15950000000001
184.3552
176.79329999999999
170.14089999999999
178.36019999999999
205.42599999999999
195.2193
193.58090000000001
77.880920000000003
29.341259999999998
27.717359999999999
206.82550000000001
188.5667
224.25239999999999
205.9888
188.5247
190.95439999999999
216.55719999999999
184.35290000000001
207.51349999999999
196.22130000000001
191.34
191.02940000000001
204.0787
59.204180000000001
26.882180000000002
26.764759999999999
220.01900000000001
212.1258
194.68219999999999
206.9083
200.92590000000001
190.34399999999999
222.97919999999999
197.89330000000001
196.572
198.52600000000001
201.60560000000001
201.56139999999999
203.35749999999999
46.960920000000002
24.936520000000002
27.172499999999999
234.53710000000001
183.9196
225.88470000000001
221.27500000000001
197.821
191.85040000000001
216.45320000000001
198.75120000000001
191.00489999999999
199.8647
216.673
195.81649999999999
215.49469999999999
31.356200000000001
29.006789999999999
28.219940000000001
220.08170000000001
216.21899999999999
221.3622
207.9196
205.6234
211.7424
213.44659999999999
216.9699
232.00110000000001
213.08699999999999
213.77420000000001
209.84819999999999
216.49100000000001
39.100909999999999
29.937709999999999
29.60708
241.47130000000001
242.89670000000001
236.57730000000001
218.79640000000001
226.2672
230.25139999999999
238.14240000000001
249.48750000000001
244.88849999999999
233.49690000000001
242.22290000000001
240.77529999999999
240.12049999999999
40.542430000000003
26.60088
27.27664
268.5446
231.70740000000001
252.28489999999999
251.92599999999999
231.6138
240.4804
229.8587
248.3278
263.57420000000002
223.93620000000001
231.06229999999999
231.22829999999999
242.26320000000001
32.476300000000002
25.74391
26.931360000000002
287.767
237.0692
256.2328
259.13959999999997
241.60830000000001
181.13579999999999
26.274159999999998
291.24549999999999
234.9306
233.726
229.25530000000001
241.74539999999999
242.6814
253.7133
225.4066
228.7261
247.22020000000001
236.18940000000001
227.90889999999999
224.16380000000001
26.23742
27.621259999999999
26.486219999999999
288.19850000000002
219.7089
249.22479999999999
232.4162
228.19120000000001
220.18010000000001
242.37520000000001
261.97160000000002
226.0549
231.6465
221.83330000000001
247.16300000000001
219.34620000000001
26.633209999999998
27.530360000000002
27.558820000000001
309.37130000000002
230.6362
240.5429
242.24850000000001
236.35830000000001
250.61369999999999
255.511
241.31200000000001
235.36490000000001
250.93340000000001
228.53479999999999
241.68719999999999
242.20140000000001
27.101109999999998
26.999179999999999
28.554510000000001
283.62580000000003
256.4982
238.1172
236.84540000000001
224.50970000000001
238.4725
233.65729999999999
242.45320000000001
242.1721
237.87280000000001
238.56229999999999
256.15370000000001
205.3297
28.705490000000001
27.086739999999999
26.70158
281.7636
272.97579999999999
255.01230000000001
263.20159999999998
271.58960000000002
258.29410000000001
261.86619999999999
274.7713
247.6824
263.67680000000001
258.12939999999998
270.68130000000002
227.80070000000001
27.037220000000001
26.499770000000002
26.244019999999999
299.07830000000001
271.03910000000002
262.9631
269.84379999999999
260.90730000000002
257.40519999999998
251.1354
248.4034
260.9384
259.98110000000003
256.73599999999999
253.97839999999999
219.5916
27.27637
27.003029999999999
27.168379999999999
312.2167
257.91059999999999
255.0103
270.49930000000001
265.5874
248.3235
248.90090000000001
291.36439999999999
252.59219999999999
260.85149999999999
268.8519
267.4024
215.012
25.018999999999998
27.10867
40.477760000000004
331.42809999999997
247.6155
256.68490000000003
247.3683
254.84049999999999
266.9502
211.34809999999999
452.69150000000002
433.53120000000001
415.14229999999998
392.69869999999997
396.90629999999999
399.52190000000002
406.2636
399.98680000000002
371.2518
352.30149999999998
370.19830000000002
371.58049999999997
282.63690000000003
183.28370000000001
182.7055
204.08959999999999
422.53089999999997
349.10669999999999
349.55110000000002
359.09949999999998
362.10890000000001
368.4153
359.9298
356.55709999999999
353.27760000000001
364.76319999999998
372.39139999999998
352.58640000000003
200.4795
318.94110000000001
399.53370000000001
375.19799999999998
369.48860000000002
371.01240000000001
371.79680000000002
374.91039999999998
385.12630000000001
387.58179999999999
380.5634
372.11509999999998
373.69560000000001
372.84550000000002
369.88650000000001
359.33920000000001
349.9092
339.66480000000001
342.11509999999998
334.72750000000002
309.55489999999998
326.8485
315.87810000000002
319.49709999999999
303.05810000000002
311.98939999999999
300.67110000000002
302.7167
297.86860000000001
281.06979999999999
282.09649999999999
298.6105
294.45420000000001
270.26139999999998
271.43549999999999
288.6703
266.11000000000001
260.6121
282.31369999999998
280.7355
257.68270000000001
284.41379999999998
265.2192
262.15870000000001
288.60610000000003
254.21420000000001
284.67020000000002
246.59790000000001
260.17000000000002
128.71260000000001
112.029
246.20859999999999
261.37020000000001
249.20609999999999
255.4041
253.14259999999999
255.6138
255.19280000000001
250.81319999999999
256.83620000000002
249.578
259.24799999999999
248.8355
256.58629999999999
247.92250000000001
260.42520000000002
249.9486
259.41210000000001
248.3809
256.78359999999998
252.26439999999999
253.3476
253.77959999999999
254.56780000000001
252.3997
250.0308
254.81989999999999
246.87049999999999
257.44959999999998
247.03469999999999
254.82409999999999
245.2045
259.93049999999999
246.34389999999999
257.87799999999999
245.04570000000001
257.46140000000003
247.94460000000001
254.45480000000001
329.18349999999998
465.06970000000001
320.30720000000002
287.78429999999997
293.1114
293.89080000000001
291.19060000000002
293.7099
292.08879999999999
291.97359999999998
292.7955
293.2106
290.00869999999998
292.803
290.75110000000001
288.6173
289.505
289.19999999999999
288.4384
279.21940000000001
190.25450000000001
183.64580000000001
259.42039999999997
242.16460000000001
248.4442
242.31540000000001
318.42009999999999
335.6807
365.07459999999998
380.77440000000001
415.34309999999999
449.63720000000001
372.02609999999999
356.66329999999999
359.76909999999998
355.02109999999999
357.97379999999998
357.0865
355.5745
349.92630000000003
353.62529999999998
352.8741
350.25880000000001
353.27319999999997
347.72699999999998
350.26400000000001
349.6703
345.0652
287.01429999999999
207.4393
336.86779999999999
418.87360000000001
424.05259999999998
425.863
436.85890000000001
448.84859999999998
446.07220000000001
467.53149999999999
460.98750000000001
443.3845
383.82389999999998
389.4273
385.34280000000001
387.35550000000001
388.93900000000002
384.66210000000001
381.43880000000001
381.31990000000002
382.60629999999998
380.58569999999997
386.1216
381.46710000000002
377.95999999999998
379.84899999999999
378.9529
377.7373
380.85469999999998
377.91550000000001
380.48360000000002
386.1361
534.47050000000002
553.98559999999998
567.4434
586.69349999999997
615.88900000000001
637.52689999999996
656.45360000000005
679.24339999999995
723.75030000000004
714.87149999999997
733.92070000000001
757.52909999999997
779.41459999999995
804.02480000000003
798.01900000000001
587.82979999999998
588.56529999999998
605.97280000000001
589.86940000000004
589.60130000000004
588.93010000000004
581.40030000000002
583.99220000000003
586.36099999999999
575.57860000000005
574.55100000000004
573.87260000000003
580.47479999999996
570.20060000000001
571.53440000000001
567.63610000000006
567.5652
565.78679999999997
570.13789999999995
570.66549999999995
565.26580000000001
339.42489999999998
397.33330000000001
383.68380000000002
381.66640000000001
374.28309999999999
373.96249999999998
369.50740000000002
265.97370000000001
41.62811
189.71449999999999
106.3811
96.256709999999998
109.3502
110.56619999999999
103.84739999999999
101.53570000000001
113.6118
109.0536
113.4286
109.48309999999999
111.0069
112.6695
31.721119999999999
28.636230000000001
28.280370000000001
183.45140000000001
107.88639999999999
124.0295
130.0771
111.114
116.6442
129.20320000000001
130.04230000000001
122.6598
129.58779999999999
131.6386
135.67930000000001
137.91409999999999
28.69266
28.31973
29.550789999999999
213.26830000000001
128.87010000000001
141.59569999999999
150.56370000000001
139.08080000000001
146.0703
147.06899999999999
144.03630000000001
152.47329999999999
147.4563
145.9941
162.54859999999999
151.98439999999999
27.69483
29.09187
28.580580000000001
236.10310000000001
141.48849999999999
161.054
180.96780000000001
187.0866
162.01050000000001
161.34360000000001
171.18450000000001
182.75309999999999
176.922
169.06299999999999
171.58779999999999
166.89009999999999
28.345559999999999
28.620799999999999
27.303609999999999
266.88979999999998
172.4598
185.59299999999999
183.9734
186.42599999999999
182.18129999999999
168.96000000000001
194.55439999999999
195.6242
197.06190000000001
182.6412
176.3956
29.522490000000001
28.209620000000001
284.33339999999998
188.89840000000001
206.7525
226.56649999999999
218.9462
202.89580000000001
216.0164
216.58109999999999
204.42699999999999
223.51740000000001
202.59299999999999
207.1234
184.5549
27.212219999999999
28.018450000000001
34.92127
316.18759999999997
232.88890000000001
240.60159999999999
230.3073
243.1508
243.42359999999999
240.9074
238.5538
250.02500000000001
250.114
239.67920000000001
265.64479999999998
199.24619999999999
25.386970000000002
25.934449999999998
36.470190000000002
351.34140000000002
238.721
257.00599999999997
262.44799999999998
264.1234
261.44889999999998
229.4658
247.77869999999999
248.8546
250.5249
258.8519
265.72809999999998
185.5607
34.636969999999998
34.817010000000003
59.567230000000002
323.81610000000001
249.3056
258.25819999999999
257.12950000000001
259.452
271.14769999999999
260.91449999999998
255.62799999999999
260.67020000000002
273.64179999999999
275.84500000000003
271.39929999999998
181.8733
25.91826
26.707730000000002
59.103830000000002
353.00349999999997
271.4796
286.11939999999998
273.5539
272.08010000000002
279.3768
281.59620000000001
278.0659
274.17430000000002
288.20319999999998
285.87079999999997
278.96120000000002
158.298
26.117239999999999
25.775580000000001
74.811449999999994
360.6275
284.09649999999999
281.10050000000001
285.37020000000001
284.85149999999999
274.77339999999998
278.61939999999998
277.27480000000003
291.86410000000001
287.10969999999998
285.75979999999998
291.31950000000001
169.22739999999999
26.482340000000001
25.381530000000001
81.263710000000003
368.1884
299.6216
281.48489999999998
296.1266
280.52760000000001
279.62860000000001
290.75510000000003
269.24799999999999
293.74810000000002
288.26749999999998
299.4796
288.92720000000003
155.11449999999999
25.594809999999999
25.646930000000001
99.956779999999995
363.3279
281.9624
289.46050000000002
287.75170000000003
277.7842
291.15890000000002
286.92340000000002
281.93920000000003
286.31060000000002
258.64609999999999
252.18520000000001
455.39400000000001
417.95260000000002
408.29419999999999
423.5575
401.8963
405.68169999999998
401.11189999999999
395.11040000000003
403.48399999999998
402.90750000000003
375.19670000000002
365.18490000000003
260.60809999999998
185.95519999999999
189.19200000000001
288.05650000000003
404.24259999999998
381.25619999999998
366.5677
362.01080000000002
370.55849999999998
368.30810000000002
366.87220000000002
367.24860000000001
365.79239999999999
375.68970000000002
362.42329999999998
355.38889999999998
242.84219999999999
184.7389
311.6309
395.52370000000002
380.09370000000001
372.2371
367.31200000000001
363.27159999999998
369.8528
370.34969999999998
388.66370000000001
387.82119999999998
370.10509999999999
371.13510000000002
371.48840000000001
365.84300000000002
352.70209999999997
352.96179999999998
354.17849999999999
352.85919999999999
309.733
330.8399
338.51339999999999
334.8734
336.1728
318.4239
331.11110000000002
331.64929999999998
311.9554
303.97039999999998
314.29939999999999
338.98649999999998
340.19380000000001
291.41969999999998
270.5652
274.55669999999998
305.82639999999998
289.23849999999999
258.947
274.85969999999998
309.92779999999999
263.07589999999999
269.99160000000001
302.11369999999999
255.86789999999999
284.39299999999997
276.93549999999999
263.71969999999999
290.52999999999997
248.50219999999999
269.97340000000003
248.04329999999999
267.03480000000002
248.7577
266.1678
249.51179999999999
261.68619999999999
251.83410000000001
259.27659999999997
255.12260000000001
257.68279999999999
257.46469999999999
254.53790000000001
259.52949999999998
253.40649999999999
262.22519999999997
248.3622
264.82069999999999
248.85220000000001
264.37130000000002
247.90369999999999
264.95589999999999
246.7833
262.44990000000001
250.13910000000001
258.0788
252.56049999999999
255.69380000000001
256.572
254.81829999999999
259.25080000000003
249.57669999999999
260.77420000000001
249.4426
263.77249999999998
248.24109999999999
261.28449999999998
246.6395
264.02730000000003
247.98429999999999
261.99329999999998
349.25909999999999
470.75290000000001
318.1429
297.32830000000001
303.08789999999999
296.76240000000001
302.50959999999998
296.28179999999998
297.50540000000001
301.46859999999998
300.2799
300.82429999999999
297.94909999999999
299.7054
295.17970000000003
301.99329999999998
299.44630000000001
298.8116
292.87279999999998
271.7002
190.7491
191.0446
269.10910000000001
241.67259999999999
251.798
380.67399999999998
400.25830000000002
454.03460000000001
513.8972
592.09069999999997
604.77689999999996
444.23320000000001
421.51620000000003
424.0557
425.71359999999999
439.97379999999998
424.42590000000001
422.7867
417.47809999999998
419.87099999999998
419.15879999999999
420.93880000000001
418.60230000000001
409.89530000000002
413.53969999999998
414.62599999999998
411.9239
413.23599999999999
401.95569999999998
279.93979999999999
359.40570000000002
361.10640000000001
316.3109
196.84360000000001
26.904039999999998
245.04920000000001
127.2543
145.05350000000001
145.29310000000001
152.51249999999999
147.79490000000001
148.96600000000001
145.88149999999999
149.13550000000001
150.00210000000001
154.16380000000001
145.37190000000001
133.67359999999999
26.350729999999999
25.40935
29.387640000000001
247.33920000000001
140.7602
151.09780000000001
152.94049999999999
154.9554
148.86429999999999
154.8486
160.97300000000001
155.22329999999999
165.8792
158.27670000000001
158.7363
133.74930000000001
27.139099999999999
26.278839999999999
33.654559999999996
241.47890000000001
158.04750000000001
160.98859999999999
156.40559999999999
161.64619999999999
165.38050000000001
160.5001
163.33430000000001
167.0625
169.25319999999999
163.03639999999999
154.70349999999999
114.389
28.201440000000002
27.801210000000001
42.858620000000002
251.4572
153.26840000000001
183.59800000000001
166.45189999999999
187.28919999999999
170.44710000000001
169.96449999999999
189.40020000000001
160.22329999999999
175.80289999999999
177.2689
182.40190000000001
120.62730000000001
27.72608
28.530729999999998
48.081040000000002
269.41789999999997
194.3279
190.96639999999999
194.1431
195.8494
193.9375
193.2081
203.03909999999999
194.64019999999999
203.60900000000001
206.80549999999999
197.7235
137.5977
28.43111
27.834199999999999
61.44135
282.63150000000002
219.16839999999999
216.2559
210.96360000000001
218.8792
214.02510000000001
225.6551
217.7953
206.18549999999999
216.29480000000001
234.89879999999999
231.80199999999999
146.5943
28.478850000000001
29.27542
68.482129999999998
313.85180000000003
244.65369999999999
232.24090000000001
232.70490000000001
244.81790000000001
240.4316
244.3416
259.1155
250.19319999999999
246.69059999999999
244.6961
244.42529999999999
177.0427
27.614709999999999
26.596959999999999
89.829530000000005
350.23700000000002
262.1275
269.55549999999999
269.93099999999998
266.81229999999999
255.6139
263.4588
254.0504
259.90730000000002
255.56489999999999
283.27330000000001
256.91770000000002
139.56120000000001
25.90635
26.261040000000001
125.52370000000001
337.54160000000002
281.52069999999998
273.28629999999998
261.14330000000001
282.60759999999999
266.94450000000001
262.96980000000002
269.65879999999999
283.98329999999999
282.2063
279.97109999999998
275.79689999999999
125.5378
25.235600000000002
26.36148
143.00049999999999
334.2663
278.08710000000002
281.91460000000001
273.85129999999998
275.02109999999999
283.10719999999998
290.42720000000003
287.03620000000001
262.67439999999999
265.67079999999999
264.8451
264.73950000000002
149.255
26.050190000000001
26.497199999999999
153.10599999999999
330.2396
278.50299999999999
272.64679999999998
274.52870000000001
281.9128
268.94940000000003
273.84719999999999
277.06959999999998
266.40320000000003
277.34530000000001
272.47199999999998
507.97989999999999
408.54969999999997
412.13060000000002
411.64179999999999
399.55509999999998
402.41590000000002
401.7912
384.84960000000001
390.79059999999998
383.96890000000002
377.12540000000001
371.32650000000001
331.78550000000001
186.1224
188.6103
194.24760000000001
439.30869999999999
378.84500000000003
373.6001
379.55489999999998
382.98419999999999
366.18419999999998
365.10079999999999
373.08150000000001
366.98860000000002
366.9203
371.82119999999998
374.44799999999998
323.5849
189.49700000000001
189.24350000000001
185.3468
186.58000000000001
185.6026
376.47649999999999
384.15989999999999
371.3227
371.62709999999998
370.0625
377.5401
380.86500000000001
389.30220000000003
371.67559999999997
398.68880000000001
379.85230000000001
373.98059999999998
378.98590000000002
359.29399999999998
363.8075
352.74579999999997
331.85669999999999
327.42000000000002
295.14359999999999
317.9812
312.4658
305.93860000000001
299.32549999999998
308.68529999999998
323.58080000000001
305.47949999999997
272.5043
276.9015
266.5249
259.77620000000002
261.25959999999998
266.06810000000002
267.56209999999999
260.5976
253.82749999999999
259.68939999999998
263.85480000000001
257.21850000000001
252.8048
261.3492
259.16090000000003
251.27340000000001
264.29739999999998
252.4837
256.53590000000003
261.25060000000002
250.06290000000001
262.80860000000001
93.382940000000005
174.74340000000001
258.89870000000002
252.4008
244.7037
252.16
247.73589999999999
248.4708
247.73230000000001
247.0712
247.42959999999999
247.38290000000001
248.9034
246.53739999999999
253.3997
245.7884
252.452
246.1465
251.27539999999999
244.44229999999999
251.7518
245.79320000000001
250.03559999999999
247.4778
248.72890000000001
247.6705
248.2141
246.99680000000001
247.5812
249.5307
246.0668
252.3837
244.91329999999999
253.65389999999999
245.05420000000001
250.33930000000001
245.95740000000001
251.0891
243.02549999999999
251.7576
418.4821
401.99369999999999
284.51620000000003
283.07190000000003
289.7457
286.55959999999999
288.13420000000002
284.49180000000001
286.31880000000001
286.67320000000001
286.23469999999998
287.80720000000002
285.0172
283.67059999999998
285.08870000000002
283.07850000000002
282.59640000000002
284.8186
282.46100000000001
208.77619999999999
184.7817
234.16560000000001
247.96360000000001
241.77459999999999
245.5735
150.34870000000001
202.99250000000001
498.59350000000001
390.48610000000002
405.11880000000002
449.6651
394.64819999999997
351.89280000000002
351.85070000000002
348.4101
352.39679999999998
351.65350000000001
349.15219999999999
352.81389999999999
345.13099999999997
350.8741
349.0215
348.46339999999998
347.83350000000002
345.85109999999997
353.68729999999999
346.37849999999997
350.54730000000001
340.49040000000002
348.85980000000001
344.47179999999997
344.31020000000001
341.03429999999997
325.7484
314.3014
381.18790000000001
471.2217
470.72919999999999
480.2364
505.78739999999999
378.7867
383.1019
378.7122
375.56200000000001
382.98610000000002
374.9393
379.61790000000002
373.27879999999999
371.3372
374.66019999999997
371.14609999999999
371.64569999999998
370.33949999999999
365.25510000000003
368.64499999999998
375.9298
366.62209999999999
367.52969999999999
396.99459999999999
625.60270000000003
659.35469999999998
699.98720000000003
733.28599999999994
778.09360000000004
834.02369999999996
860.95569999999998
915.6857
962.02409999999998
1000.682
628.01589999999999
605.96839999999997
617.95669999999996
612.23929999999996
609.89279999999997
602.40419999999995
603.80880000000002
599.61800000000005
605.46950000000004
589.97059999999999
586.58820000000003
588.57360000000006
584.13789999999995
583.39760000000001
578.64869999999996
596.29309999999998
579.178
585.02290000000005
576.53129999999999
584.27809999999999
580.6902
573.43029999999999
571.57209999999998
584.66219999999998
572.34770000000003
574.79459999999995
572.24890000000005
568.97820000000002
578.02300000000002
570.59439999999995
588.63520000000005
641.10109999999997
661.18129999999996
660.89020000000005
673.24839999999995
674.36900000000003
688.61009999999999
683.9615
692.59670000000006
697.84000000000003
721.01760000000002
709.12459999999999
714.93499999999995
727.56539999999995
727.48209999999995
734.46590000000003
741.46529999999996
766.19290000000001
758.04939999999999
760.54570000000001
771.5136
785.22469999999998
780.42319999999995
794.42139999999995
794.22469999999998
803.39009999999996
820.79520000000002
822.29409999999996
830.62339999999995
833.9683
834.53579999999999
850.87850000000003
859.83230000000003
863.72050000000002
872.73109999999997
907.74760000000003
892.59559999999999
813.91639999999995
759.97990000000004
775.73800000000006
777.91250000000002
775.04840000000002
767.89099999999996
784.78570000000002
758.41120000000001
763.93190000000004
772.11789999999996
781.89999999999998
761.03340000000003
757.96379999999999
762.31389999999999
764.23140000000001
755.01859999999999
768.43409999999994
756.51859999999999
751.98009999999999
754.77290000000005
771.68619999999999
749.14530000000002
755.40380000000005
744.86779999999999
746.471
749.83889999999997
742.79880000000003
761.65679999999998
742.70100000000002
733.89200000000005
741.56280000000004
754.39639999999997
729.50779999999997
735.2364
729.21659999999997
735.44069999999999
727.04129999999998
724.59839999999997
729.70569999999998
727.14670000000001
727.18209999999999
744.50350000000003
721.22220000000004
722.50890000000004
732.09069999999997
742.40729999999996
721.52620000000002
718.5788
720.07360000000006
720.08259999999996
722.52480000000003
715.14850000000001
740.95320000000004
723.61699999999996
719.37289999999996
719.65719999999999
715.20870000000002
719.19489999999996
718.5059
714.69079999999997
738.84289999999999
712.77120000000002
709.16800000000001
720.98770000000002
727.67769999999996
714.01310000000001
712.73630000000003
707.00170000000003
729.08600000000001
714.26179999999999
706.08900000000006
724.81010000000003
710.02300000000002
712.12149999999997
707.72450000000003
707.81899999999996
717.66520000000003
713.86609999999996
717.03020000000004
707.2414
717.32100000000003
708.38969999999995
732.00480000000005
711.91200000000003
703.8723
713.8954
707.17920000000004
705.7319
707.90629999999999
707.9606
702.83680000000004
701.94190000000003
707.14909999999998
703.80629999999996
697.47879999999998
704.96860000000004
702.10170000000005
699.4067
698.07619999999997
704.87570000000005
703.91840000000002
708.95529999999997
699.9135
723.29290000000003
702.79280000000006
696.93589999999995
700.0317
702.00800000000004
702.88109999999995
702.04139999999995
721.35329999999999
698.93849999999998
701.56849999999997
694.35860000000002
714.4873
696.71439999999996
699.74969999999996
710.75530000000003
695.37990000000002
697.21370000000002
702.7056
701.00779999999997
695.00450000000001
712.94100000000003
695.44420000000002
693.88229999999999
697.03340000000003
695.93039999999996
692.04870000000005
705.39099999999996
698.06060000000002
694.92639999999994
690.79740000000004
710.96249999999998
694.38959999999997
687.64670000000001
697.28800000000001
692.10310000000004
691.63210000000004
702.41880000000003
698.41769999999997
689.5009
693.3519
707.57150000000001
696.74580000000003
692.01670000000001
690.62300000000005
689.03610000000003
694.86469999999997
687.76850000000002
695.99540000000002
687.80709999999999
691.7414
689.78790000000004
692.53489999999999
693.04330000000004
683.7527
707.42930000000001
689.13350000000003
686.54459999999995
686.9538
690.84960000000001
695.04489999999998
684.22879999999998
689.95659999999998
685.63130000000001
689.0752
688.83180000000004
684.9796
700.72220000000004
684.48749999999995
690.72609999999997
686.01700000000005
684.54489999999998
684.33259999999996
691.1164
680.68039999999996
679.82680000000005
688.22239999999999
689.78150000000005
686.79740000000004
682.83569999999997
679.06110000000001
682.95870000000002
685.5616
685.61850000000004
678.09280000000001
679.14959999999996
687.80010000000004
701.12699999999995
684.69470000000001
683.00649999999996
682.57060000000001
690.08259999999996
682.84360000000004
681.34119999999996
681.51499999999999
696.80790000000002
677.09220000000005
679.5086
677.99860000000001
693.67759999999998
681.07709999999997
679.57230000000004
685.06899999999996
681.38130000000001
679.77009999999996
675.47900000000004
678.88520000000005
697.36440000000005
685.05110000000002
680.99519999999995
696.68740000000003
683.82629999999995
674.226
680.17219999999998
692.40260000000001
670.16129999999998
681.29679999999996
674.49710000000005
686.73540000000003
675.53009999999995
676.12900000000002
682.66909999999996
679.2133
675.14120000000003
697.27160000000003
682.98900000000003
673.50570000000005
672.22879999999998
687.92179999999996
678.55169999999998
680.17780000000005
675.75170000000003
674.79589999999996
672.39279999999997
674.90570000000002
679.55889999999999
681.8021
672.18740000000003
695.27840000000003
676.10419999999999
675.37339999999995
677.8134
688.46249999999998
675.58630000000005
672.80050000000006
675.99969999999996
678.00739999999996
682.24080000000004
676.12400000000002
673.2989
678.84280000000001
676.32119999999998
678.98820000000001
670.54719999999998
671.91520000000003
682.85789999999997
685.42939999999999
672.24760000000003
671.07399999999996
695.18650000000002
678.1001
673.84770000000003
669.26350000000002
686.85159999999996
682.68550000000005
677.95060000000001
408.47449999999998
436.57330000000002
374.63549999999998
375.24680000000001
374.06020000000001
381.9744
371.69639999999998
369.56950000000001
372.09620000000001
378.15620000000001
368.85390000000001
361.14679999999998
351.7362
223.57640000000001
26.989090000000001
24.37978
