28.908149999999999
29.96584
29.913260000000001
29.365410000000001
29.935289999999998
29.17624
29.159700000000001
28.497060000000001
33.034379999999999
15.54874
15.900219999999999
15.6465
16.2333
15.98588
90.700819999999993
50.236020000000003
46.588120000000004
32.604059999999997
30.481819999999999
208.90770000000001
80.565389999999994
87.574590000000001
85.414969999999997
84.004779999999997
89.918099999999995
85.867009999999993
77.050439999999995
30.38364
133.5377
105.8043
90.103949999999998
86.662589999999994
85.404939999999996
88.959890000000001
86.337779999999995
88.222239999999999
90.651340000000005
85.649600000000007
88.610799999999998
93.845190000000002
93.518140000000002
45.163040000000002
30.637799999999999
30.621310000000001
145.99520000000001
107.0866
98.737440000000007
101.0121
101.5262
105.9254
111.85469999999999
108.58920000000001
108.675
122.512
123.1469
118.3904
122.6983
58.995399999999997
29.451799999999999
31.09487
162.7294
139.6951
134.92949999999999
136.64080000000001
140.66970000000001
139.12610000000001
142.63069999999999
145.55879999999999
139.44460000000001
151.97409999999999
165.16650000000001
156.16059999999999
157.6782
68.627759999999995
28.894130000000001
29.416889999999999
170.93170000000001
168.37870000000001
173.91
160.1772
171.4366
175.55690000000001
177.2979
166.3741
179.37100000000001
185.2029
182.90049999999999
192.2313
201.92859999999999
57.555520000000001
28.380929999999999
28.347519999999999
214.83279999999999
214.4178
202.06809999999999
199.20150000000001
202.29859999999999
207.57050000000001
205.24379999999999
208.6285
208.42590000000001
204.90450000000001
209.27969999999999
210.27699999999999
215.6267
44.741860000000003
28.59497
28.280139999999999
160.7944
213.88159999999999
229.28530000000001
226.13030000000001
216.69030000000001
228.7338
238.42490000000001
222.3321
227.26820000000001
222.9152
222.16560000000001
236.1165
223.2338
82.45205
25.386810000000001
25.476220000000001
140.00559999999999
278.09019999999998
234.17840000000001
239.9051
228.95939999999999
244.3049
229.21420000000001
198.6892
225.19229999999999
233.35480000000001
227.37049999999999
232.87450000000001
232.08930000000001
83.692049999999995
26.10801
25.07226
165.65219999999999
230.4067
232.23050000000001
222.9776
255.69290000000001
217.2106
223.7208
219.4864
213.32900000000001
219.13290000000001
237.48779999999999
203.8562
69.961309999999997
25.248619999999999
25.432970000000001
199.51570000000001
261.95139999999998
219.976
234.74940000000001
206.95259999999999
227.38810000000001
238.2484
212.06180000000001
232.79830000000001
242.03270000000001
236.20859999999999
216.87809999999999
65.285560000000004
25.2057
26.07818
206.44300000000001
202.6634
254.88679999999999
245.0393
247.6978
234.5112
236.2621
226.6662
228.6919
219.15459999999999
207.6857
236.2157
218.80549999999999
49.180610000000001
25.012039999999999
25.640450000000001
209.9813
263.82960000000003
223.27379999999999
227.29949999999999
223.0128
237.21350000000001
239.142
252.39750000000001
231.09209999999999
238.61840000000001
249.34379999999999
222.30000000000001
230.8023
37.527149999999999
26.24729
26.079640000000001
229.31800000000001
246.8322
234.2654
227.19980000000001
234.3228
230.6129
245.26490000000001
241.2782
237.97749999999999
233.9151
240.94409999999999
230.65309999999999
227.6643
43.845610000000001
25.280080000000002
26.205110000000001
209.94229999999999
232.7329
225.66970000000001
216.70099999999999
228.59540000000001
219.2987
226.0959
245.47919999999999
226.90639999999999
224.83170000000001
236.53049999999999
214.02350000000001
36.98668
24.86504
25.5624
235.6199
232.7861
235.84880000000001
217.15989999999999
215.40389999999999
238.54839999999999
235.97200000000001
226.6421
233.5635
231.34139999999999
230.32480000000001
211.7603
43.131860000000003
24.815560000000001
200.85849999999999
222.76730000000001
222.30350000000001
207.54050000000001
23.85493
58.588090000000001
229.70570000000001
222.83189999999999
217.38149999999999
233.41290000000001
236.4564
243.6985
247.6129
241.53540000000001
140.7045
24.71022
26.263870000000001
73.775379999999998
279.32549999999998
231.0607
236.1609
221.74440000000001
223.50129999999999
256.91120000000001
242.43260000000001
207.8569
230.58860000000001
234.05359999999999
219.63159999999999
153.75960000000001
25.319220000000001
26.033300000000001
294.79219999999998
233.18469999999999
255.57220000000001
242.4708
243.185
234.60669999999999
223.33199999999999
237.49359999999999
200.67429999999999
230.90639999999999
166.42740000000001
25.23537
25.98339
285.7715
210.9581
245.7457
245.34549999999999
235.9915
235.09690000000001
236.53380000000001
226.6378
235.88650000000001
242.87710000000001
239.8801
234.48339999999999
147.7627
25.450970000000002
62.319569999999999
292.58319999999998
233.3184
230.81649999999999
246.0692
232.3638
241.63069999999999
253.624
232.31020000000001
229.24279999999999
250.24940000000001
244.07079999999999
229.21289999999999
24.736080000000001
24.57751
80.006879999999995
272.7561
217.01060000000001
241.7054
238.25479999999999
249.19710000000001
233.16909999999999
229.55449999999999
223.85040000000001
236.66050000000001
171.0994
24.878710000000002
24.801839999999999
61.974550000000001
265.87459999999999
238.52719999999999
229.75810000000001
231.1831
234.36189999999999
252.14320000000001
229.0573
235.191
263.48169999999999
231.69579999999999
227.15690000000001
233.60910000000001
169.6748
24.92249
34.30077
279.40190000000001
250.54509999999999
241.8082
241.71289999999999
238.21729999999999
237.63409999999999
363.50990000000002
367.65019999999998
393.70429999999999
387.92180000000002
381.81209999999999
366.46370000000002
352.16800000000001
371.79919999999998
377.12
354.43970000000002
367.73829999999998
364.0104
187.59719999999999
183.76089999999999
187.3296
346.17619999999999
340.86509999999998
338.1277
341.42649999999998
339.81799999999998
327.42070000000001
343.83789999999999
350.52710000000002
331.0607
339.4348
320.43259999999998
185.8794
344.93849999999998
322.89850000000001
330.15960000000001
325.31779999999998
328.1841
333.48790000000002
335.16860000000003
345.08019999999999
337.05990000000003
331.35129999999998
334.7278
321.10719999999998
330.80380000000002
311.0675
303.15379999999999
286.8612
270.5505
275.26900000000001
271.67290000000003
274.61630000000002
267.97039999999998
263.22629999999998
263.88490000000002
272.54000000000002
270.95679999999999
260.08440000000002
252.01769999999999
250.9622
257.6096
272.08609999999999
265.14400000000001
247.12950000000001
249.74119999999999
275.28870000000001
260.05360000000002
253.3871
266.59190000000001
247.22919999999999
277.64769999999999
258.62099999999998
254.99090000000001
279.66629999999998
247.7997
277.26740000000001
238.47810000000001
187.20910000000001
188.66849999999999
306.33069999999998
305.25299999999999
318.5643
310.21629999999999
311.99599999999998
311.2638
320.40140000000002
316.32190000000003
317.39280000000002
308.6463
307.83859999999999
298.09460000000001
296.18610000000001
303.75749999999999
256.03820000000002
274.19459999999998
264.78019999999998
250.18049999999999
254.56139999999999
257.3578
253.4941
255.90469999999999
254.4349
257.34120000000001
255.5154
248.4349
242.98159999999999
241.1454
247.52940000000001
256.70909999999998
247.11750000000001
241.91159999999999
243.66329999999999
254.4676
246.50899999999999
243.10900000000001
250.04150000000001
252.68360000000001
240.07669999999999
246.9752
244.9796
258.24299999999999
241.7166
258.517
247.2567
240.67339999999999
247.01310000000001
243.1069
246.5196
242.3509
245.98939999999999
243.5067
245.12100000000001
244.43770000000001
242.41499999999999
243.60149999999999
240.38849999999999
244.84719999999999
239.20410000000001
246.33860000000001
240.44319999999999
239.70830000000001
247.0728
238.87350000000001
246.32810000000001
241.35149999999999
245.7911
242.95169999999999
244.0633
246.07230000000001
243.03720000000001
246.8552
244.53
246.6249
240.66980000000001
248.7723
241.42779999999999
248.797
240.84219999999999
250.1455
241.5848
247.637
240.4768
246.76490000000001
256.98719999999997
388.4982
319.40100000000001
276.57830000000001
276.68650000000002
277.97120000000001
279.30220000000003
272.9323
275.04239999999999
276.62150000000003
271.85250000000002
273.28949999999998
273.3021
272.48200000000003
276.6123
270.7996
276.3888
273.029
226.94589999999999
186.4537
234.1917
240.3417
243.12649999999999
239.54329999999999
270.3888
307.87329999999997
319.351
336.99540000000002
379.35399999999998
362.39350000000002
326.4846
327.01350000000002
325.29829999999998
321.68709999999999
326.61059999999998
323.44510000000002
323.28530000000001
320.31779999999998
322.07029999999997
320.24360000000001
321.02499999999998
317.7509
322.15660000000003
320.09089999999998
230.24870000000001
238.26009999999999
411.07409999999999
378.23509999999999
380.19479999999999
383.3836
397.39460000000003
396.31200000000001
407.64159999999998
409.58780000000002
377.66180000000003
359.59359999999998
358.81540000000001
361.74529999999999
364.52820000000003
366.67529999999999
358.755
359.38839999999999
358.35939999999999
358.83409999999998
359.31529999999998
252.23339999999999
361.46749999999997
308.73869999999999
133.05889999999999
27.718060000000001
192.072
121.7333
125.3986
126.1186
125.4808
127.0264
132.04839999999999
134.37889999999999
132.7045
128.5583
131.02690000000001
106.0369
27.58924
27.967610000000001
29.228400000000001
201.54419999999999
136.12219999999999
140.815
141.00970000000001
147.0343
146.43690000000001
147.75829999999999
147.6653
152.45609999999999
152.1405
152.60140000000001
147.15180000000001
131.1611
28.240300000000001
27.803439999999998
29.802790000000002
251.12049999999999
150.91030000000001
174.35300000000001
174.1516
173.61920000000001
182.79249999999999
188.066
180.2851
177.648
195.47380000000001
190.7234
189.4512
27.60369
27.316590000000001
37.718040000000002
274.31560000000002
204.25960000000001
192.4615
189.4571
199.38380000000001
195.48910000000001
211.31280000000001
197.60050000000001
220.9025
222.65379999999999
227.33449999999999
223.02719999999999
27.61927
27.688300000000002
43.557870000000001
303.80709999999999
242.8819
223.63509999999999
235.9365
219.15729999999999
237.09970000000001
221.7877
236.25120000000001
229.25319999999999
235.22470000000001
249.17670000000001
222.3578
157.8706
24.658100000000001
24.57037
56.768549999999998
305.98669999999998
246.84530000000001
245.2636
247.7089
248.2467
248.40010000000001
242.03030000000001
244.4796
243.25810000000001
264.94069999999999
246.934
257.71499999999997
153.59960000000001
34.428249999999998
35.200629999999997
91.192830000000001
310.18310000000002
258.68610000000001
236.89490000000001
245.11070000000001
247.75049999999999
243.8794
240.41300000000001
254.14510000000001
259.06180000000001
251.672
266.6343
156.8349
25.3568
24.47945
109.40730000000001
315.59539999999998
281.2312
268.8775
267.4975
273.11700000000002
267.96350000000001
269.3152
262.34840000000003
277.32650000000001
282.28129999999999
265.60770000000002
259.38940000000002
150.429
24.50432
24.915030000000002
109.46850000000001
321.66809999999998
264.39780000000002
266.55110000000002
276.1832
271.98860000000002
258.8365
278.1053
281.34859999999998
273.9615
279.67630000000003
272.37979999999999
142.05850000000001
25.26463
25.564789999999999
131.10400000000001
299.45089999999999
267.25279999999998
295.89089999999999
286.48169999999999
283.3365
291.89249999999998
280.36680000000001
261.6875
260.14729999999997
24.992419999999999
25.44333
136.69759999999999
311.2593
282.68720000000002
243.7004
282.76440000000002
285.66250000000002
299.44409999999999
271.7901
323.63389999999998
204.65950000000001
211.7407
462.20030000000003
405.15030000000002
400.26100000000002
418.59379999999999
430.80290000000002
406.48570000000001
403.0181
386.34309999999999
416.78050000000002
394.9425
187.405
188.6155
192.001
389.54500000000002
365.70350000000002
346.47609999999997
344.42669999999998
342.87150000000003
342.2586
330.6934
331.87799999999999
358.91250000000002
330.48540000000003
345.21609999999998
300.98509999999999
187.80430000000001
265.23050000000001
382.11369999999999
329.33870000000002
331.8621
336.54509999999999
342.85160000000002
339.17619999999999
345.72800000000001
348.32920000000001
342.6728
323.4255
312.42469999999997
314.19580000000002
307.21629999999999
313.95400000000001
281.27879999999999
299.44560000000001
302.76389999999998
301.60910000000001
283.34690000000001
255.60640000000001
259.8587
278.15730000000002
278.71120000000002
268.50020000000001
260.41039999999998
251.66980000000001
250.60050000000001
250.22479999999999
245.9539
248.3355
250.1678
244.7664
246.02330000000001
243.2603
248.52789999999999
247.81870000000001
244.02029999999999
244.28909999999999
248.3844
243.27850000000001
245.43129999999999
247.7013
244.547
246.77500000000001
244.26779999999999
249.36080000000001
246.0265
244.04320000000001
242.9941
244.19290000000001
243.7852
242.0564
244.482
242.5061
243.68199999999999
242.97219999999999
244.60169999999999
241.80799999999999
244.08539999999999
241.98349999999999
242.6516
241.67179999999999
244.10509999999999
242.50550000000001
242.7525
242.63820000000001
241.96700000000001
243.33580000000001
242.22040000000001
242.5325
241.3954
243.6695
242.32980000000001
242.6961
241.62549999999999
244.22020000000001
242.26159999999999
246.72720000000001
243.24010000000001
243.51990000000001
242.23560000000001
244.1172
241.96190000000001
245.2286
243.5061
245.22069999999999
244.6044
243.58670000000001
263.90890000000002
387.601
315.25729999999999
270.03160000000003
271.44990000000001
271.74029999999999
271.2903
270.93470000000002
274.47809999999998
270.71190000000001
272.19760000000002
270.5068
272.20760000000001
269.38010000000003
270.4153
270.60180000000003
274.17239999999998
272.20150000000001
271.35649999999998
196.41820000000001
186.92660000000001
251.33770000000001
239.53999999999999
240.2199
242.5677
310.10590000000002
343.6139
373.71050000000002
396.29689999999999
461.24779999999998
358.29919999999998
329.9169
337.96280000000002
331.98820000000001
330.43950000000001
329.63940000000002
335.25069999999999
329.51609999999999
331.15820000000002
330.5224
330.07470000000001
327.58929999999998
328.16250000000002
329.51350000000002
326.56150000000002
332.10379999999998
327.29129999999998
228.9999
351.64499999999998
346.37200000000001
238.1053
27.549430000000001
179.6525
121.34999999999999
125.9787
130.036
125.5187
127.64360000000001
126.50530000000001
127.199
132.297
131.19220000000001
131.35069999999999
131.8091
41.335039999999999
25.44098
25.07413
179.13390000000001
141.5403
139.6131
138.85910000000001
149.04060000000001
154.96770000000001
143.6198
143.7225
153.13589999999999
142.22559999999999
154.55959999999999
141.80289999999999
34.37473
24.762139999999999
25.478999999999999
183.27930000000001
151.6011
145.35140000000001
149.0035
149.71199999999999
151.1344
153.9083
154.07579999999999
154.74299999999999
160.27350000000001
158.9888
151.55860000000001
156.56129999999999
30.002330000000001
27.832840000000001
27.158000000000001
197.9179
182.99180000000001
169.57509999999999
178.53579999999999
182.49590000000001
182.23179999999999
179.30510000000001
187.5171
181.65639999999999
187.4913
192.65809999999999
188.02109999999999
183.01660000000001
26.846080000000001
27.73029
27.870339999999999
231.2687
203.51730000000001
192.95060000000001
212.517
209.77019999999999
215.52369999999999
197.2039
224.45920000000001
220.9984
215.88050000000001
211.1508
223.7242
204.06800000000001
27.100650000000002
25.902059999999999
28.659759999999999
273.80959999999999
221.32429999999999
219.3391
217.87180000000001
221.21299999999999
213.6917
217.7501
235.78270000000001
246.30000000000001
235.96520000000001
239.44220000000001
231.85570000000001
230.19720000000001
24.06709
25.599460000000001
26.688690000000001
308.27140000000003
253.33250000000001
249.73240000000001
229.63390000000001
257.1078
222.57820000000001
227.3775
239.1114
254.4864
240.78659999999999
239.76519999999999
206.89519999999999
24.49051
25.028829999999999
27.794630000000002
299.53710000000001
221.43440000000001
252.0985
263.61290000000002
263.82670000000002
243.41480000000001
241.82929999999999
246.0737
248.31110000000001
242.92160000000001
234.607
198.42179999999999
25.418710000000001
24.653700000000001
311.67899999999997
259.42970000000003
250.7962
250.83779999999999
257.88350000000003
252.3819
248.37639999999999
220.7611
216.2388
245.35659999999999
233.005
250.21449999999999
157.65629999999999
24.653829999999999
24.872789999999998
38.288089999999997
299.32530000000003
256.61040000000003
253.49680000000001
266.89640000000003
265.69260000000003
286.35629999999998
230.53649999999999
418.88279999999997
413.68669999999997
390.61959999999999
418.51780000000002
405.57709999999997
392.0899
378.99970000000002
399.22699999999998
384.39280000000002
373.02449999999999
361.92450000000002
355.38679999999999
207.315
190.31479999999999
188.98099999999999
341.83010000000002
372.26409999999998
331.2013
358.74619999999999
347.04570000000001
340.60410000000002
362.12569999999999
340.27980000000002
329.23000000000002
343.1893
350.45679999999999
338.14519999999999
326.92899999999997
199.1103
187.96100000000001
187.56299999999999
186.29519999999999
188.21350000000001
248.44200000000001
344.16120000000001
328.59829999999999
352.7894
338.08960000000002
342.59089999999998
340.94779999999997
337.16239999999999
353.94009999999997
337.28089999999997
332.00639999999999
328.24700000000001
324.041
308.64100000000002
276.80790000000002
289.41849999999999
284.60070000000002
286.46469999999999
276.66809999999998
267.33569999999997
262.55220000000003
264.35539999999997
271.16419999999999
264.20370000000003
256.2396
253.27279999999999
268.58499999999998
254.34809999999999
250.67099999999999
274.23009999999999
253.5155
277.85849999999999
280.63159999999999
253.1473
286.56270000000001
257.87360000000001
269.5727
283.7867
253.95609999999999
268.11559999999997
190.44659999999999
189.83600000000001
244.32820000000001
328.4443
324.63380000000001
324.79849999999999
320.80610000000001
316.0643
312.90390000000002
330.55610000000001
333.46870000000001
326.19920000000002
327.54230000000001
324.93450000000001
311.74650000000003
326.90350000000001
320.52379999999999
310.50920000000002
271.11189999999999
265.39330000000001
258.65359999999998
266.27420000000001
265.56369999999998
269.71749999999997
264.38040000000001
263.15159999999997
260.13389999999998
255.6575
253.5386
252.7012
258.89909999999998
273.17939999999999
267.19389999999999
251.92500000000001
247.0532
259.72320000000002
274.53710000000001
252.065
243.56370000000001
270.68450000000001
247.83109999999999
266.56509999999997
266.42020000000002
250.26560000000001
279.48020000000002
245.5677
272.20159999999998
256.46030000000002
252.57320000000001
251.34190000000001
248.65690000000001
252.90180000000001
248.08430000000001
253.95249999999999
244.3931
257.8845
243.02979999999999
254.9237
243.3852
258.82459999999998
243.48320000000001
255.06039999999999
244.875
255.18109999999999
247.5384
255.22630000000001
249.4126
247.95580000000001
252.64699999999999
246.733
254.25489999999999
243.30770000000001
255.11240000000001
243.50139999999999
255.37819999999999
245.0214
255.69579999999999
242.71180000000001
253.2062
247.12309999999999
253.20330000000001
246.06880000000001
251.68539999999999
250.02090000000001
247.7098
249.6046
247.54839999999999
251.09899999999999
242.559
255.43530000000001
376.13630000000001
362.11540000000002
290.66489999999999
289.08409999999998
283.93520000000001
286.22660000000002
288.48849999999999
283.5548
286.79399999999998
284.95229999999998
285.96359999999999
285.351
283.6909
285.71820000000002
283.05110000000002
288.39929999999998
282.3526
288.03309999999999
230.94730000000001
192.43809999999999
236.5977
252.19980000000001
238.56370000000001
253.2758
146.2627
166.57089999999999
337.3526
352.53289999999998
397.4486
385.5086
350.6506
352.79509999999999
348.36509999999998
350.78879999999998
350.36189999999999
348.1259
356.71929999999998
344.7115
349.30439999999999
348.45319999999998
346.05939999999998
344.1397
348.69499999999999
342.33879999999999
341.74959999999999
346.94510000000002
346.4196
346.34739999999999
342.06119999999999
347.46820000000002
345.88189999999997
341.60320000000002
336.40480000000002
284.62759999999997
352.95269999999999
472.08449999999999
478.30180000000001
461.63670000000002
381.32240000000002
371.22519999999997
371.41570000000002
369.49059999999997
376.01729999999998
370.3372
368.82999999999998
369.3492
368.9289
365.68790000000001
369.20699999999999
374.74459999999999
368.07709999999997
368.90370000000001
368.54629999999997
367.83089999999999
365.19049999999999
366.322
372.34780000000001
544.57619999999997
581.82330000000002
612.62540000000001
647.77009999999996
673.70410000000004
706.36440000000005
734.59939999999995
778.17759999999998
795.39909999999998
820.16989999999998
575.66920000000005
569.48339999999996
566.95719999999994
568.98919999999998
572.1327
569.90660000000003
574.49440000000004
560.87739999999997
562.99739999999997
560.35950000000003
570.78710000000001
561.85969999999998
557.57780000000002
557.15610000000004
551.04690000000005
551.11739999999998
552.77250000000004
548.39649999999995
550.27800000000002
544.94579999999996
563.2971
556.4778
548.8646
550.10429999999997
549.52200000000005
550.32870000000003
547.99469999999997
541.6979
562.41359999999997
593.33540000000005
594.4316
594.81280000000004
604.20550000000003
602.66030000000001
610.13199999999995
614.40719999999999
629.07870000000003
612.36239999999998
619.38310000000001
627.3895
632.10609999999997
627.67399999999998
630.33040000000005
658.01850000000002
640.61109999999996
645.34199999999998
646.24419999999998
670.32809999999995
653.05070000000001
660.72260000000006
663.29930000000002
657.82730000000004
670.01999999999998
672.36369999999999
678.7604
678.57950000000005
680.50369999999998
692.0992
689.84590000000003
700.23350000000005
699.49710000000005
704.8306
718.2133
717.23900000000003
721.32029999999997
698.54719999999998
666.2636
673.8433
664.02329999999995
667.19290000000001
670.46950000000004
663.33870000000002
666.24620000000004
673.34969999999998
663.30129999999997
663.51319999999998
664.55539999999996
663.61609999999996
676.93560000000002
658.38390000000004
660.22500000000002
662.78470000000004
671.14790000000005
658.77719999999999
659.61159999999995
657.56129999999996
659.28009999999995
669.92340000000002
660.07039999999995
655.15430000000003
656.92520000000002
658.04010000000005
659.68499999999995
658.27359999999999
651.43510000000003
652.10059999999999
674.37339999999995
662.9579
649.23509999999999
652.5204
651.72730000000001
650.69000000000005
659.96849999999995
652.52919999999995
644.67349999999999
653.6069
657.32140000000004
655.44420000000002
649.82449999999994
646.68269999999995
649.00710000000004
664.65239999999994
648.20060000000001
642.5009
653.3451
642.26890000000003
661.70240000000001
659.46860000000004
643.85580000000004
646.99379999999996
645.73910000000001
651.85350000000005
642.63639999999998
643.82719999999995
643.12099999999998
644.16330000000005
657.79930000000002
643.66930000000002
644.81740000000002
642.56780000000003
656.2885
645.03060000000005
646.76890000000003
646.42359999999996
638.80409999999995
642.93510000000003
658.10059999999999
642.76120000000003
647.63160000000005
641.1644
658.46299999999997
641.7115
640.38869999999997
646.38959999999997
648.4742
640.16549999999995
642.77499999999998
644.38130000000001
645.86210000000005
636.11670000000004
638.49710000000005
649.2758
643.0104
639.46259999999995
642.51419999999996
637.86829999999998
639.1173
640.01289999999995
634.01229999999998
638.39469999999994
645.0566
635.33389999999997
636.50620000000004
636.40800000000002
640.87729999999999
635.92489999999998
639.08489999999995
633.83910000000003
632.36800000000005
654.32979999999998
639.11350000000004
635.74120000000005
638.16970000000003
631.71590000000003
643.74300000000005
635.6508
640.07479999999998
631.20590000000004
631.59079999999994
653.51930000000004
634.64369999999997
637.73810000000003
633.27170000000001
630.84969999999998
644.44759999999997
635.09349999999995
630.0598
632.93730000000005
630.48789999999997
644.07209999999998
635.27229999999997
638.04060000000004
630.54390000000001
628.98990000000003
633.37469999999996
638.97760000000005
632.77200000000005
630.57429999999999
629.26779999999997
634.90210000000002
633.47360000000003
646.25310000000002
630.08079999999995
632.92169999999999
630.86450000000002
629.16740000000004
635.60469999999998
630.81769999999995
627.92930000000001
634.19820000000004
629.94479999999999
639.7568
637.97550000000001
630.20360000000005
632.06420000000003
630.0933
628.63720000000001
627.4058
632.77080000000001
627.06140000000005
643.11040000000003
624.84810000000004
622.77589999999998
630.30129999999997
631.15859999999998
633.08109999999999
623.80219999999997
632.93960000000004
627.23720000000003
633.27210000000002
640.97969999999998
624.03520000000003
629.66809999999998
624.6979
626.19569999999999
625.50160000000005
625.1182
626.25400000000002
618.68809999999996
624.62239999999997
627.16309999999999
624.13059999999996
620.31410000000005
621.50509999999997
635.67370000000005
617.9325
620.71960000000001
622.77290000000005
621.41880000000003
628.62070000000006
620.91589999999997
623.4683
626.33439999999996
633.85789999999997
622.06050000000005
622.5992
625.34770000000003
619.54459999999995
621.06100000000004
623.22810000000004
623.19479999999999
633.52719999999999
618.45619999999997
622.61320000000001
628.57370000000003
623.92470000000003
617.62249999999995
623.52449999999999
617.77009999999996
636.27560000000005
623.78890000000001
621.5575
617.5498
619.21079999999995
621.02340000000004
621.65560000000005
622.53750000000002
617.02829999999994
619.28499999999997
623.86800000000005
625.08000000000004
623.92219999999998
621.5575
621.70719999999994
621.25490000000002
637.09029999999996
617.50229999999999
618.49030000000005
623.15880000000004
621.8365
622.24590000000001
625.3809
616.47180000000003
618.68679999999995
615.75419999999997
629.74879999999996
622.72149999999999
619.30790000000002
623.3904
615.41639999999995
636.58529999999996
635.92759999999998
625.20979999999997
621.62350000000004
619.90239999999994
619.02250000000004
633.07069999999999
616.33939999999996
620.5616
618.68020000000001
620.41880000000003
623.99850000000004
623.80039999999997
616.07060000000001
617.35709999999995
630.65719999999999
619.2337
617.11490000000003
619.21140000000003
623.60019999999997
613.64649999999995
615.21720000000005
616.15560000000005
616.22019999999998
610.30010000000004
622.22529999999995
615.20389999999998
622.28629999999998
618.31240000000003
615.4085
632.55319999999995
621.03300000000002
617.0652
613.72130000000004
619.66999999999996
631.44680000000005
615.90049999999997
621.56010000000003
617.01369999999997
615.10270000000003
615.93079999999998
622.15710000000001
614.5421
618.33720000000005
612.97889999999995
617.28430000000003
627.9692
615.85680000000002
612.29330000000004
621.51649999999995
493.31970000000001
477.4855
499.78519999999997
493.84019999999998
507.7765
493.55180000000001
491.30329999999998
489.44690000000003
485.60160000000002
487.62520000000001
471.95400000000001
320.45639999999997
190.4057
83.923959999999994
24.576930000000001
23.97193
25.90034
26.169129999999999
25.24127
23.843430000000001
25.773060000000001
24.684280000000001
26.378489999999999
24.70927
14.106210000000001
14.010070000000001
13.962479999999999
