17.11251
16.27542
165.98869999999999
188.86250000000001
188.2022
189.0094
190.40180000000001
187.39099999999999
189.56720000000001
188.80680000000001
188.9178
190.4538
107.70489999999999
61.75067
61.606389999999998
57.375689999999999
174.29990000000001
38.069949999999999
37.457610000000003
36.730840000000001
35.492660000000001
35.595080000000003
34.948720000000002
34.576709999999999
33.880319999999998
34.037849999999999
35.553019999999997
18.930689999999998
18.39789
18.829280000000001
18.253620000000002
71.019390000000001
53.471029999999999
56.20543
53.414000000000001
36.938499999999998
90.255889999999994
153.0307
81.415059999999997
80.591390000000004
79.149720000000002
82.234369999999998
79.847350000000006
78.796930000000003
56.39931
41.679609999999997
166.05799999999999
77.593419999999995
80.828379999999996
80.497590000000002
81.899180000000001
83.191270000000003
83.005020000000002
80.528559999999999
84.225769999999997
82.559910000000002
82.995699999999999
86.632580000000004
76.479479999999995
34.237699999999997
31.28632
37.597929999999998
174.6902
93.824259999999995
96.840090000000004
87.599140000000006
101.3485
97.472049999999996
92.351429999999993
100.30459999999999
93.169910000000002
100.43340000000001
103.5479
100.684
96.672610000000006
31.330590000000001
32.908079999999998
39.030189999999997
195.56649999999999
113.9804
110.81489999999999
108.9892
113.7743
118.3353
112.53919999999999
122.4573
98.910780000000003
129.7715
113.21380000000001
112.437
102.62520000000001
29.630649999999999
30.833400000000001
55.192100000000003
171.33799999999999
102.4695
33.918089999999999
206.92449999999999
121.94289999999999
125.2627
123.32850000000001
134.6472
128.96729999999999
126.0115
122.453
128.1395
124.9863
123.798
128.93969999999999
102.4598
26.616060000000001
26.93741
36.069629999999997
177.8432
128.6694
127.3133
131.09270000000001
120.7393
123.3351
122.9979
122.971
124.29810000000001
121.23869999999999
124.0158
129.97479999999999
98.892970000000005
27.748169999999998
28.714110000000002
33.80594
195.2483
127.07089999999999
126.8738
124.8043
123.5907
125.083
118.3907
121.3164
124.2594
129.4701
117.1099
121.3877
110.6587
26.978850000000001
27.097169999999998
36.214269999999999
188.9751
129.24520000000001
130.66730000000001
121.29089999999999
115.49250000000001
129.7448
120.9759
127.9862
118.6828
128.41829999999999
122.5622
117.8283
91.964870000000005
27.141839999999998
27.04533
72.355000000000004
163.589
130.12289999999999
130.5164
127.5331
121.7043
120.5566
120.8557
120.5925
117.50060000000001
129.60339999999999
117.4091
123.02719999999999
83.742639999999994
27.126300000000001
25.91499
57.691299999999998
173.1191
120.3826
124.881
121.49160000000001
120.6277
120.3672
123.68810000000001
121.7775
123.3837
122.1623
122.4301
124.5714
85.629559999999998
26.54176
26.849930000000001
57.002800000000001
174.09360000000001
122.17619999999999
127.5891
115.3416
120.5831
117.6966
136.32550000000001
114.95820000000001
122.65860000000001
114.2641
121.51260000000001
116.28319999999999
88.495230000000006
27.094470000000001
27.33925
57.177039999999998
180.67349999999999
119.79989999999999
122.43510000000001
119.4158
122.7595
122.5936
120.6183
123.25790000000001
112.4898
121.2012
113.5206
125.6473
90.188860000000005
25.710629999999998
25.74099
74.153630000000007
163.96100000000001
118.50660000000001
121.5557
121.9928
119.3862
120.6524
120.6752
118.4059
117.4785
106.65130000000001
120.0468
123.18519999999999
87.841300000000004
27.17249
25.429179999999999
81.894810000000007
154.6584
120.8429
122.0637
119.9247
51.78416
99.340190000000007
132.15029999999999
107.9089
112.3685
112.15860000000001
115.98569999999999
112.7424
109.5475
111.0478
111.36109999999999
109.8702
114.4875
121.30159999999999
72.460999999999999
26.41977
26.545390000000001
97.344220000000007
131.9751
112.5082
109.9783
110.3771
113.1324
106.8429
112.4653
113.462
106.66800000000001
107.25149999999999
111.2148
72.474649999999997
25.727270000000001
26.565519999999999
102.0746
122.0504
117.5894
115.7814
102.7355
111.44450000000001
108.60120000000001
113.0436
110.96080000000001
110.40470000000001
109.4328
109.4075
112.27330000000001
68.348060000000004
25.868539999999999
25.844429999999999
115.1152
114.9699
119.4151
114.9423
108.58499999999999
106.5553
117.2779
111.7833
108.5073
105.20180000000001
122.6223
106.24469999999999
103.4954
58.531779999999998
25.692209999999999
26.16827
120.3938
116.7668
108.9567
122.4034
107.4674
109.07299999999999
108.8638
111.02460000000001
107.2962
109.13630000000001
113.0654
110.1153
116.19070000000001
48.886290000000002
25.515450000000001
26.38522
129.22649999999999
115.1217
107.503
108.0145
110.1497
107.72110000000001
97.654619999999994
25.909700000000001
172.42769999999999
105.29689999999999
101.42019999999999
108.35299999999999
112.6742
121.7443
125.80419999999999
115.6644
121.768
117.93559999999999
116.4359
115.91249999999999
106.6362
26.057359999999999
26.40776
26.466740000000001
137.721
102.2376
112.6863
109.7736
111.77509999999999
116.2749
117.83880000000001
115.7358
113.8982
119.21380000000001
120.09350000000001
118.24939999999999
112.5397
26.698129999999999
26.428550000000001
284.97280000000001
257.3184
254.1354
268.154
271.79349999999999
277.15539999999999
273.27420000000001
263.27089999999998
263.80009999999999
256.04880000000003
255.43799999999999
258.47910000000002
270.95710000000003
224.8614
210.06389999999999
189.7775
281.1157
232.07480000000001
235.5558
234.03049999999999
232.17089999999999
235.5027
232.51750000000001
233.453
232.4306
227.4426
233.43430000000001
231.83090000000001
233.4795
201.7433
184.88829999999999
184.422
267.00900000000001
241.36279999999999
224.94399999999999
232.1994
196.24289999999999
258.67689999999999
256.37639999999999
232.25030000000001
235.06720000000001
237.74969999999999
232.6788
241.82089999999999
233.44479999999999
244.81630000000001
240.9213
234.41120000000001
239.9888
248.19210000000001
248.19720000000001
243.06899999999999
240.8801
236.90199999999999
236.29179999999999
235.1551
237.15450000000001
236.68989999999999
238.21299999999999
236.4992
239.57689999999999
237.26570000000001
238.3536
237.4657
237.71029999999999
241.1156
240.49449999999999
242.03030000000001
239.44810000000001
240.84209999999999
244.78270000000001
242.4127
241.50720000000001
243.45259999999999
242.8117
242.00579999999999
244.49959999999999
246.39340000000001
243.8135
247.33680000000001
248.2544
244.95230000000001
246.53489999999999
242.79040000000001
247.75280000000001
243.69329999999999
244.21209999999999
243.905
242.5171
246.1088
245.31280000000001
244.20920000000001
244.08879999999999
244.5034
243.0428
245.3391
245.01419999999999
246.47720000000001
243.57689999999999
246.58070000000001
242.66579999999999
246.1259
245.04390000000001
245.37289999999999
244.02160000000001
243.14169999999999
244.54150000000001
244.68090000000001
243.5291
244.44499999999999
244.63300000000001
244.95070000000001
245.32769999999999
242.24449999999999
245.30019999999999
242.30029999999999
247.19710000000001
243.58770000000001
244.208
243.23920000000001
243.88570000000001
243.67599999999999
245.9984
243.57490000000001
245.47649999999999
243.58779999999999
245.6379
302.54259999999999
333.67520000000002
274.37349999999998
278.00630000000001
276.31119999999999
275.04239999999999
275.17970000000003
275.2158
277.02980000000002
274.81729999999999
275.02710000000002
274.13720000000001
274.8974
276.04239999999999
274.38679999999999
274.62549999999999
273.76960000000003
272.7457
274.18329999999997
272.577
223.0975
199.95480000000001
257.15769999999998
241.04320000000001
241.69479999999999
241.375
260.005
289.36500000000001
296.52269999999999
314.11869999999999
327.53160000000003
351.52030000000002
326.69639999999998
304.37090000000001
304.93490000000003
304.21660000000003
305.82240000000002
304.01159999999999
302.83460000000002
303.12079999999997
303.9615
304.2285
301.65809999999999
304.5822
304.08640000000003
302.30900000000003
301.73020000000002
304.78039999999999
301.83100000000002
183.78999999999999
194.45259999999999
385.48739999999998
350.64460000000003
357.81799999999998
365.5437
374.39710000000002
377.8691
389.47019999999998
363.11900000000003
359.88549999999998
364.23450000000003
358.82260000000002
359.91539999999998
358.32799999999997
360.61110000000002
357.71100000000001
359.32080000000002
355.43529999999998
364.43729999999999
357.9271
357.69409999999999
353.39710000000002
355.62270000000001
354.49279999999999
354.59280000000001
354.96260000000001
352.77690000000001
347.26940000000002
355.38979999999998
410.24540000000002
447.18939999999998
465.08260000000001
477.86099999999999
498.66750000000002
511.72750000000002
522.61670000000004
540.05039999999997
560.68550000000005
576.50729999999999
596.846
608.33439999999996
640.99239999999998
661.39760000000001
663.654
574.92430000000002
540.14059999999995
542.755
531.34929999999997
533.90060000000005
533.36879999999996
532.01459999999997
524.96019999999999
525.11220000000003
526.89160000000004
534.37099999999998
529.64319999999998
526.72670000000005
523.85270000000003
523.99770000000001
535.76400000000001
522.63229999999999
523.00250000000005
536.50779999999997
524.87990000000002
520.40570000000002
521.91279999999995
516.76900000000001
339.05709999999999
386.68439999999998
381.84649999999999
380.2867
380.6035
378.06659999999999
265.78030000000001
34.61683
143.9024
59.260829999999999
63.826599999999999
61.787219999999998
60.378149999999998
65.674989999999994
63.97495
62.417560000000002
65.885490000000004
66.84939
65.025369999999995
72.754339999999999
59.754980000000003
28.381599999999999
28.563210000000002
45.32817
159.9496
68.047409999999999
83.042140000000003
76.66386
73.315820000000002
82.139240000000001
83.968789999999998
89.94659
83.329030000000003
83.90607
93.344729999999998
93.438779999999994
57.914209999999997
26.306260000000002
26.665520000000001
52.26746
154.7867
108.43819999999999
90.228219999999993
108.7347
97.178190000000001
110.1922
108.09059999999999
106.7837
104.3571
105.5718
92.076030000000003
82.566860000000005
27.422789999999999
28.41433
63.412039999999998
158.74209999999999
109.1378
108.0498
106.4945
111.1203
107.4755
119.89660000000001
100.3428
114.32299999999999
108.3643
120.25530000000001
99.505439999999993
68.516940000000005
25.901859999999999
25.553439999999998
89.250900000000001
142.976
119.35760000000001
112.61750000000001
113.6294
115.6739
119.9355
118.7184
107.5356
119.2428
117.5801
115.2535
115.09739999999999
81.907359999999997
34.877270000000003
35.063310000000001
109.19289999999999
137.69630000000001
120.61239999999999
123.9864
117.3352
111.4961
114.3638
113.9911
121.47
118.2398
115.07599999999999
113.7499
68.762699999999995
25.948820000000001
26.549600000000002
111.7272
137.95429999999999
114.3445
111.23439999999999
115.4104
121.16849999999999
116.41370000000001
117.018
115.9299
117.6542
113.1952
119.547
119.4015
67.597279999999998
25.914380000000001
26.180289999999999
124.0668
137.34389999999999
112.15009999999999
117.8109
119.4529
115.5752
119.15049999999999
115.7456
109.7437
109.46080000000001
111.18170000000001
110.22580000000001
112.6177
56.520020000000002
26.433669999999999
25.70016
134.9709
127.3485
114.1219
114.0536
116.5684
116.0201
111.5039
112.45529999999999
116.3639
115.36150000000001
119.2439
128.4752
112.05549999999999
56.348030000000001
24.586670000000002
25.689530000000001
142.10900000000001
209.3766
207.17500000000001
312.01600000000002
282.94529999999997
273.73500000000001
267.18000000000001
265.43599999999998
262.19330000000002
262.85969999999998
261.37110000000001
261.9341
254.2176
252.655
249.2039
246.9906
191.5556
191.19220000000001
191.2372
324.41759999999999
239.17760000000001
254.17140000000001
249.5616
248.37960000000001
242.73480000000001
246.08179999999999
240.93690000000001
248.65260000000001
250.75899999999999
262.8347
244.6489
227.84229999999999
186.2747
188.45590000000001
308.59129999999999
230.24359999999999
237.31720000000001
235.32849999999999
236.6568
231.08439999999999
236.80170000000001
238.8501
239.56800000000001
239.4744
233.34889999999999
239.9195
235.96090000000001
238.94049999999999
237.81989999999999
240.74359999999999
227.7869
231.70439999999999
232.9256
231.22499999999999
234.63079999999999
233.98060000000001
233.7577
232.25040000000001
234.75110000000001
231.89930000000001
233.00280000000001
233.55549999999999
239.89240000000001
240.76349999999999
234.5977
233.2165
235.8622
244.45160000000001
237.89349999999999
234.11269999999999
239.88509999999999
247.52529999999999
233.96629999999999
240.3708
248.65280000000001
235.7816
250.5735
239.42789999999999
241.42619999999999
249.2407
239.57820000000001
244.9366
237.84129999999999
245.78360000000001
237.17509999999999
244.5051
237.02330000000001
243.70830000000001
239.22630000000001
243.3458
239.39500000000001
240.69049999999999
239.88329999999999
238.75399999999999
241.84610000000001
239.3546
243.3348
237.62370000000001
244.31899999999999
238.7501
243.39060000000001
235.4486
243.9307
235.65170000000001
244.13800000000001
237.00049999999999
242.84569999999999
237.47280000000001
240.73580000000001
239.35220000000001
240.87739999999999
241.0376
239.2861
242.5119
238.5849
242.38980000000001
237.83449999999999
245.68299999999999
244.72669999999999
235.77340000000001
245.1147
242.9795
334.12
308.47660000000002
273.45460000000003
271.11700000000002
272.36059999999998
270.99270000000001
272.70339999999999
272.4384
272.20299999999997
277.78629999999998
272.49279999999999
273.65589999999997
272.58909999999997
273.22239999999999
272.101
274.38400000000001
269.64870000000002
275.58240000000001
274.46010000000001
218.1514
200.3193
247.94980000000001
237.98840000000001
241.13480000000001
241.22989999999999
270.5301
306.93220000000002
332.1438
350.00490000000002
380.23259999999999
410.51150000000001
373.52440000000001
331.10419999999999
330.81459999999998
330.35359999999997
333.60169999999999
334.6001
331.8349
334.83339999999998
330.5729
330.71230000000003
332.62150000000003
332.95510000000002
329.69290000000001
326.14069999999998
328.3716
333.8614
330.83370000000002
329.06420000000003
329.62290000000002
251.26509999999999
369.43959999999998
178.36000000000001
28.04487
122.04300000000001
78.776979999999995
71.826310000000007
67.806139999999999
77.921329999999998
68.776539999999997
76.909769999999995
73.941789999999997
73.763310000000004
78.761060000000001
77.057919999999996
78.074520000000007
77.194559999999996
43.187600000000003
27.309979999999999
27.774380000000001
110.9315
85.713750000000005
81.884450000000001
78.163929999999993
86.605609999999999
83.531270000000006
84.516810000000007
81.811449999999994
87.489850000000004
76.487629999999996
97.763170000000002
82.642399999999995
49.826340000000002
27.803820000000002
28.301410000000001
122.1056
103.5436
99.661479999999997
96.588070000000002
94.641769999999994
105.6267
93.970179999999999
104.3895
111.35469999999999
107.7307
93.648840000000007
110.672
108.1259
50.030940000000001
28.13514
28.23387
159.57499999999999
122.4813
110.39790000000001
119.2373
109.5925
107.601
116.8216
106.79219999999999
116.6126
116.7881
114.61969999999999
118.12439999999999
118.1854
38.791829999999997
25.382079999999998
25.321560000000002
151.93389999999999
112.6023
110.91670000000001
117.0099
113.5615
109.34139999999999
119.91200000000001
110.26300000000001
107.8644
122.5181
120.6606
118.73480000000001
118.9632
47.995240000000003
28.091059999999999
27.750630000000001
164.9143
121.7246
125.73569999999999
117.9132
121.43989999999999
115.5112
127.5896
127.9492
125.6163
123.1524
122.4714
114.32769999999999
120.29989999999999
26.099209999999999
26.09093
177.0376
124.358
129.50720000000001
124.2366
122.4918
128.72
117.9575
122.09439999999999
118.0202
122.71599999999999
122.27549999999999
121.9765
124.90900000000001
27.300750000000001
25.815049999999999
26.199470000000002
166.5427
117.97790000000001
120.845
130.12520000000001
117.06950000000001
123.6327
130.41030000000001
124.0963
124.3524
126.0938
121.1996
127.1049
121.1781
25.329339999999998
26.276150000000001
25.98424
172.13489999999999
114.1643
116.20950000000001
124.8788
130.39439999999999
124.02630000000001
121.5399
118.8237
120.51049999999999
118.65819999999999
117.4178
118.512
26.258659999999999
26.826550000000001
28.245149999999999
170.21369999999999
248.5265
291.83600000000001
304.79950000000002
282.86270000000002
282.71390000000002
279.27789999999999
269.27659999999997
264.40899999999999
258.56009999999998
264.53829999999999
258.17689999999999
257.63290000000001
255.81729999999999
254.36429999999999
212.29409999999999
197.22710000000001
196.39500000000001
279.52929999999998
271.07690000000002
240.84569999999999
258.13369999999998
256.37779999999998
259.89370000000002
247.9675
235.5224
231.61519999999999
237.73560000000001
233.3578
236.6233
239.6583
207.0874
190.66059999999999
265.86439999999999
239.49160000000001
240.59800000000001
238.25890000000001
235.6585
239.87979999999999
233.67410000000001
245.4171
239.05609999999999
242.92009999999999
244.20240000000001
240.06219999999999
244.4023
246.2569
239.4315
243.0615
240.97470000000001
239.07079999999999
242.36850000000001
243.65479999999999
233.77070000000001
239.6944
235.91069999999999
237.04409999999999
239.02269999999999
239.91329999999999
237.20320000000001
234.0438
235.94450000000001
240.28299999999999
240.30539999999999
238.8546
235.32390000000001
237.9958
242.48070000000001
234.56059999999999
238.6696
246.48269999999999
240.90479999999999
238.02279999999999
247.33799999999999
239.9391
243.24189999999999
245.87809999999999
250.96639999999999
240.51519999999999
245.58519999999999
239.99000000000001
243.8262
241.5325
243.67320000000001
241.61930000000001
241.6018
242.98699999999999
242.3295
242.334
241.8526
242.48509999999999
245.3201
239.95869999999999
244.5241
238.65950000000001
244.7508
240.5147
243.9427
240.2423
244.04140000000001
240.55719999999999
244.5093
241.6026
244.565
242.2696
241.38380000000001
242.86529999999999
242.61500000000001
244.45939999999999
240.22309999999999
242.8201
240.24690000000001
245.2003
239.69550000000001
244.39779999999999
239.09880000000001
242.1893
242.131
295.28559999999999
334.85599999999999
273.8005
271.52300000000002
272.59500000000003
271.69319999999999
272.89589999999998
270.69499999999999
270.89299999999997
271.50389999999999
269.95979999999997
272.7527
270.47899999999998
273.6123
271.74299999999999
272.14210000000003
271.3399
247.73140000000001
208.92179999999999
233.30099999999999
243.1574
238.50389999999999
243.58969999999999
252.863
303.5575
320.209
346.29250000000002
377.36590000000001
398.55700000000002
332.12360000000001
335.48169999999999
330.93720000000002
329.56729999999999
328.28800000000001
332.29860000000002
332.1952
331.24979999999999
326.9015
332.7097
331.06400000000002
331.1585
331.68360000000001
328.18400000000003
330.45769999999999
330.82049999999998
329.34679999999997
229.3133
359.87290000000002
323.42910000000001
54.591279999999998
120.51430000000001
78.307980000000001
73.342410000000001
71.662700000000001
72.302840000000003
71.199420000000003
71.253020000000006
72.7821
73.181979999999996
73.940299999999993
73.367649999999998
81.303420000000003
74.626189999999994
43.639130000000002
25.746259999999999
25.669540000000001
117.8552
82.235429999999994
74.390299999999996
76.820570000000004
77.136380000000003
82.228279999999998
86.815060000000003
77.581339999999997
85.736090000000004
70.598690000000005
86.595190000000002
33.590040000000002
26.148820000000001
24.807729999999999
153.19669999999999
76.353899999999996
83.674310000000006
79.903890000000004
79.260480000000001
88.476420000000005
84.581190000000007
90.071460000000002
81.686869999999999
89.706819999999993
85.012919999999994
89.512349999999998
32.676830000000002
27.653320000000001
29.826080000000001
165.27449999999999
98.726560000000006
79.259690000000006
101.3686
96.573099999999997
90.62688
103.9148
99.763940000000005
105.5321
85.695179999999993
107.6927
100.5474
97.185119999999998
28.687660000000001
29.942299999999999
162.3897
103.34829999999999
108.18810000000001
109.6399
109.2159
114.8702
113.5018
103.4067
124.9599
107.9474
118.0214
112.5638
116.9967
25.605550000000001
25.833020000000001
25.970479999999998
162.98929999999999
122.6444
121.7863
112.13930000000001
111.6691
117.48180000000001
127.00320000000001
115.5463
112.8854
106.4713
124.16670000000001
113.72029999999999
114.4288
26.107759999999999
25.97598
25.43046
171.2064
119.3205
118.06399999999999
120.7961
107.21210000000001
117.1597
116.0282
112.0551
114.9662
118.0314
112.9277
108.3244
26.193359999999998
25.42015
25.119599999999998
184.42070000000001
120.8604
119.32729999999999
110.7499
115.8421
106.02630000000001
103.61360000000001
119.7504
112.95269999999999
107.3081
119.5703
115.2201
113.581
25.60144
25.610469999999999
26.132840000000002
170.64240000000001
121.53019999999999
286.73500000000001
296.61160000000001
276.26870000000002
278.50580000000002
271.49810000000002
266.8297
268.16070000000002
274.5856
268.91800000000001
264.87479999999999
249.75989999999999
238.04480000000001
209.52690000000001
191.06370000000001
191.49930000000001
240.24180000000001
242.46270000000001
238.03450000000001
233.16929999999999
241.55410000000001
230.8732
239.38249999999999
231.27289999999999
240.7311
237.36519999999999
239.70179999999999
196.98939999999999
189.99459999999999
192.94810000000001
193.53899999999999
192.14279999999999
320.70229999999998
233.28450000000001
234.97389999999999
245.64359999999999
236.1926
243.4768
235.5421
241.3373
239.8903
248.98330000000001
244.048
243.25800000000001
234.77109999999999
236.43389999999999
240.03
239.49160000000001
237.60489999999999
239.43610000000001
238.8229
239.3295
237.57830000000001
241.2833
242.8186
245.71789999999999
244.18029999999999
244.9776
239.78399999999999
237.73509999999999
237.19739999999999
242.74690000000001
244.95949999999999
238.27379999999999
238.7122
254.6799
247.07980000000001
238.56399999999999
248.0307
262.26999999999998
240.71850000000001
253.369
241.17519999999999
262.4914
240.21969999999999
258.24639999999999
245.98920000000001
247.72069999999999
245.41659999999999
245.6386
245.60310000000001
245.65209999999999
248.27879999999999
242.19329999999999
249.81549999999999
239.72989999999999
250.58179999999999
241.16569999999999
249.98390000000001
239.2988
240.2713
248.8348
240.99789999999999
247.93539999999999
244.1609
245.22569999999999
245.76730000000001
242.88679999999999
241.0121
240.02789999999999
248.05549999999999
236.37280000000001
249.31319999999999
238.3552
248.86340000000001
240.00550000000001
248.14789999999999
237.72630000000001
246.101
241.81819999999999
246.1097
246.6514
246.57419999999999
244.69919999999999
243.2397
334.34930000000003
318.60109999999997
276.12139999999999
276.60759999999999
279.68729999999999
277.47669999999999
278.48540000000003
273.79039999999998
278.73230000000001
273.834
277.0394
276.54450000000003
275.69999999999999
275.0197
277.54950000000002
275.48579999999998
277.75569999999999
227.2159
205.93469999999999
243.8049
246.9033
240.10589999999999
247.35679999999999
124.64709999999999
138.51859999999999
418.12880000000001
335.82589999999999
332.25
355.2724
339.73320000000001
320.27600000000001
316.31509999999997
321.02980000000002
317.50299999999999
315.23770000000002
320.42009999999999
317.8766
314.01560000000001
321.27460000000002
316.7765
318.31259999999997
317.40660000000003
316.31400000000002
321.40960000000001
315.11059999999998
318.43290000000002
315.27839999999998
316.7953
315.88459999999998
300.60489999999999
228.79849999999999
416.54579999999999
410.6465
401.67790000000002
415.71910000000003
366.27100000000002
365.92809999999997
364.90120000000002
363.19060000000002
370.00349999999997
364.42759999999998
364.25479999999999
370.18700000000001
362.48719999999997
361.06830000000002
363.47179999999997
370.58260000000001
360.29199999999997
363.44130000000001
366.20409999999998
360.33609999999999
362.90359999999998
375.62799999999999
497.65480000000002
522.35580000000004
550.51239999999996
586.81619999999998
609.56299999999999
638.98540000000003
673.78840000000002
711.97609999999997
567.22329999999999
567.98000000000002
559.95510000000002
571.69629999999995
561.91819999999996
562.72950000000003
560.75459999999998
568.89009999999996
556.08910000000003
556.20529999999997
555.77679999999998
562.20389999999998
549.43129999999996
548.03380000000004
564.39509999999996
547.02179999999998
543.63630000000001
548.3569
556.25959999999998
542.57190000000003
541.54129999999998
544.38199999999995
538.803
536.03440000000001
552.3655
542.43989999999997
541.06179999999995
554.93190000000004
588.66060000000004
594.24429999999995
596.52329999999995
605.38019999999995
618.47519999999997
612.01959999999997
615.22749999999996
630.69380000000001
624.22609999999997
627.6884
633.4085
643.74850000000004
645.91489999999999
651.49480000000005
650.80190000000005
652.88599999999997
656.86450000000002
672.14750000000004
671.65449999999998
685.00459999999998
685.3546
689.04169999999999
698.07839999999999
696.43079999999998
718.67729999999995
707.86789999999996
717.11360000000002
715.47659999999996
732.40290000000005
737.30669999999998
732.39890000000003
749.82230000000004
749.21759999999995
770.21990000000005
760.46199999999999
768.31479999999999
781.76859999999999
724.85749999999996
714.32259999999997
719.59450000000004
707.97749999999996
709.81700000000001
708.91139999999996
705.75819999999999
713.81560000000002
707.79999999999995
699.55840000000001
701.8383
703.77059999999994
719.92409999999995
702.91300000000001
705.11680000000001
699.33749999999998
699.90329999999994
706.09320000000002
697.97040000000004
696.45569999999998
695.00229999999999
692.798
697.77840000000003
696.35220000000004
693.73000000000002
699.38699999999994
696.58069999999998
699.13919999999996
691.33100000000002
689.65920000000006
712.23329999999999
689.60230000000001
695.47469999999998
690.64290000000005
684.99130000000002
689.12959999999998
702.99630000000002
697.4153
705.35670000000005
689.40719999999999
690.19069999999999
689.97540000000004
684.56129999999996
698.63319999999999
687.70280000000002
687.30349999999999
689.00919999999996
690.67579999999998
705.08090000000004
686.01890000000003
680.70150000000001
685.01369999999997
683.83069999999998
689.08720000000005
683.95410000000004
689.92290000000003
684.7106
686.61429999999996
687.6508
690.07950000000005
687.58799999999997
685.73910000000001
681.63520000000005
696.90200000000004
680.803
681.94529999999997
678.56650000000002
682.25599999999997
683.14120000000003
683.14790000000005
682.4914
696.87049999999999
687.01700000000005
679.12260000000003
683.27919999999995
677.21680000000003
680.2654
684.98180000000002
673.50819999999999
678.74400000000003
675.53300000000002
677.85029999999995
674.56560000000002
690.51179999999999
678.98299999999995
686.56569999999999
676.31240000000003
680.0548
675.74469999999997
686.1268
677.28489999999999
675.14930000000004
676.32899999999995
677.60400000000004
673.04719999999998
687.32150000000001
679.14779999999996
683.34939999999995
670.524
672.78779999999995
683.38959999999997
671.65830000000005
677.15909999999997
673.99770000000001
676.70159999999998
674.56280000000004
674.93060000000003
680.84059999999999
673.94960000000003
670.54409999999996
686.9203
674.13919999999996
669.94230000000005
671.53629999999998
669.76930000000004
670.62189999999998
669.81129999999996
667.10209999999995
665.6857
668.08929999999998
683.42139999999995
668.21379999999999
672.05349999999999
671.25869999999998
682.85140000000001
678.44470000000001
667.88699999999994
670.12099999999998
673.04549999999995
672.2604
669.19820000000004
668.1309
662.51229999999998
673.38959999999997
671.78359999999998
675.59469999999999
664.48820000000001
666.32989999999995
667.77030000000002
669.94349999999997
670.01840000000004
670.81370000000004
673.10249999999996
669.1925
673.95460000000003
663.80539999999996
681.5566
664.72730000000001
662.95860000000005
662.82799999999997
663.15300000000002
682.07069999999999
666.55550000000005
667.16740000000004
663.75519999999995
661.42240000000004
676.18309999999997
664.51940000000002
664.79269999999997
663.07399999999996
658.88099999999997
664.53110000000004
664.00869999999998
665.26179999999999
682.74249999999995
666.21019999999999
659.45399999999995
661.51279999999997
660.29280000000006
666.28599999999994
661.39490000000001
662.9221
662.22789999999998
660.73630000000003
660.52139999999997
668.35389999999995
671.92049999999995
664.39620000000002
663.11270000000002
663.80010000000004
662.56290000000001
661.25959999999998
677.56449999999995
660.80960000000005
662.05349999999999
668.41819999999996
667.52639999999997
683.03629999999998
660.42859999999996
661.28530000000001
660.78800000000001
664.24109999999996
679.81029999999998
661.95680000000004
661.68759999999997
660.43460000000005
660.5498
677.12180000000001
659.28650000000005
662.86649999999997
657.36659999999995
664.99850000000004
661.81679999999994
659.18889999999999
662.60919999999999
656.34640000000002
657.95699999999999
654.7242
676.22080000000005
656.97670000000005
663.31110000000001
654.10040000000004
658.20609999999999
662.02099999999996
661.83789999999999
658.81399999999996
657.79319999999996
656.48670000000004
656.81200000000001
658.55089999999996
665.21010000000001
656.38959999999997
658.93960000000004
654.73410000000001
666.06410000000005
655.26980000000003
653.21849999999995
660.27560000000005
649.61400000000003
659.46270000000004
656.28650000000005
659.11540000000002
659.91160000000002
654.33979999999997
659.8931
651.68499999999995
663.37900000000002
655.68960000000004
652.98260000000005
675.76020000000005
673.46259999999995
657.00099999999998
657.70529999999997
663.35400000000004
658.61519999999996
656.24210000000005
652.38530000000003
657.52980000000002
663.49950000000001
656.04629999999997
656.92309999999998
658.77509999999995
662.79219999999998
659.45609999999999
659.30029999999999
661.96109999999999
671.50670000000002
665.59709999999995
651.00379999999996
653.83000000000004
661.34029999999996
660.78499999999997
657.46810000000005
660.50609999999995
659.46259999999995
671.95920000000001
659.49289999999996
651.40239999999994
668.40369999999996
655.33190000000002
650.90819999999997
607.34780000000001
434.63400000000001
507.42360000000002
454.19920000000002
378.50119999999998
377.08420000000001
373.14679999999998
369.99250000000001
367.67899999999997
347.28050000000002
148.11099999999999
27.464490000000001
16.658919999999998
16.556999999999999
